17817,27373,31983,16886,5366,19869,22199,1415,4740,31736,723,7526,18602,7714,20384,2343,4366,8848,17798,10100,13828,28074,4912,26747,9358,3748,2108,11286,21015,16506,23366,20972,6144,26961,5886,1391,21528,20774,25347,34776,35184,16664,38873,3923,32288,24489,13740,23025,10220,1107,16362,32765,27788,19253,13757,27164,25241,24905,9400,38296,29849,36331,5660,36709,25193,4053,33761,1900,35603,34114,18904,20856,19716,11019,11984,657,18318,3261,26295,6733,193,37743,23740,18242,29814,28778,13139,21584,17741,15880,33987,14750,32360,1812,9743,1487,39164,17215,31430,6231,11459,14051,4131,6004,4238,8668,25704,39504,10727,5420,29280,25486,18179,25046,26360,24718,10673,34440,1970,4734,21045,38667,27188,15338,21060,23880,28698,37664,14142,25675,34096,35304,71,27047,38696,2186,30609,38524,3718,15267,37648,15020,14782,4054,3226,5598,24269,37366,18489,20622,29497,34491,24970,38908,3484,26496,30338,24762,37075,2851,25248,16127,24999,4086,5458,23767,17428,5356,36292,9685,25474,21484,14430,564,26625,21499,8767,4383,38759,26830,39841,38038,6513,35174,8868,15906,5396,728,8628,20371,18203,36311,9556,37037,22276,26176,37772,17367,25008,14773,1279,13685,7994,6331,35295,3031,32044,3199,26987,36244,22211,21633,28922,32947,17357,17794,17846,770,27139,23673,8247,31707,35062,18537,15472,6330,11037,39750,29907,34737,30525,7045,5298,37878,33222,27400,22796,12702,34088,22069,9245,27015,7826,34303,32263,10061,27043,12464,25855,11624,16742,1500,23204,2501,6704,15432,38901,32741,34355,28988,22751,8782,23988,2849,22426,19249,37589,12350,10392,35728,19722,2772,18690,31137,33817,34859,39783,11374,22122,38047,18868,27659,6426,11419,10621,6997,25775,24589,18252,18646,6659,11705,27314,24166,9353,29248,29024,24974,33526,25010,9414,32418,6215,18288,7894,17510,5936,19492,17428,4816,9868,1449,34905,11936,18613,1267,2496,5380,69,28480,15636,29385,39065,26950,12264,32864,32961,18195,23404,32429,3711,19760,12317,27465,30044,32367,34965,7286,39192,11199,30510,22302,22927,24575,12726,22459,25913,12472,18511,14408,8915,8422,146,9111,29203,17699,31003,35226,23135,17954,6998,5614,36607,14142,24400,21874,29369,16848,15404,12277,28255,36878,14692,37197,28113,33465,12626,8530,20422,16492,19494,24112,487,32589,33821,1158,11322,30571,33019,1867,22380,13394,22335,33487,17099,5868,14862,31926,13965,36999,29985,14867,19918,35379,11367,14607,38049,10480,37314,10843,32718,9016,15135,18763,39915,31164,31733,29674,24743,19924,32967,37146,27127,28320,15085,24991,17182,289,29124,35655,34870,31200,3645,32102,15934,20831,34331,34372,32309,27502,11989,22595,28275,22085,15084,2019,27275,14411,26358,6729,34151,1831,12443,16421,24896,23073,28977,15220,18600,36408,32792,30776,18056,14040,9232,22889,14702,7625,16836,20845,21248,1708,35448,8551,30200,18673,8300,7592,38825,30030,32116,6550,17614,35554,38527,15782,267,22063,15629,4401,10199,3061,25522,22781,8786,8921,25640,35921,4604,37814,11434,39706,24999,5588,11514,30069,21396,36628,24486,30731,25582,37961,10964,22136,12260,33399,17902,829,10861,36756,38524,33137,826,32608,35392,35655,37748,11328,34167,34235,35320,19817,15128,35021,21323,12923,880,30397,3107,29589,23923,1286,7923,18581,12829,21259,22317,23162,38917,35799,17559,39117,24711,13375,2425,31286,1144,14044,22334,2804,39664,6411,14477,38458,29323,39972,3329,9843,34973,14582,8227,21268,26987,5487,8964,16080,23854,21157,34007,7143,11761,34891,34622,31105,12805,11725,30339,15075,35289,9349,12656,36188,3634,21655,34800,25312,31885,10597,17926,32227,35142,9010,30769,32519,29213,28982,9824,34368,29396,16011,16857,16689,16828,9132,6731,26114,7829,28740,2300,26615,39543,2932,4122,4087,16031,1312,1453,15312,30369,33025,38522,4056,38434,37494,12944,14921,202,22877,19232,1637,14650,17948,26455,10520,11111,13154,34497,29270,24734,74,37845,10165,15109,17128,30213,33064,23333,37262,4985,31412,4418,2733,16668,9900,13227,2906,25201,27528,6267,17101,36887,14261,2563,14277,29610,21987,15767,13996,26319,21655,38238,26803,34788,30455,10831,27221,5822,10561,36690,38694,16107,26986,5475,4298,22593,686,37392,23039,11933,12811,19764,17922,12715,4355,37953,33820,3570,2869,16595,23134,10033,6733,10854,14232,10426,911,34353,28620,3538,14463,13682,15772,5455,12844,15477,26883,20566,12121,25455,7904,17449,7972,17745,2804,10603,19678,33589,22580,26999,33240,39450,33942,6846,34140,8055,29385,22132,12998,13251,33463,12462,34248,24771,20226,18411,1265,26160,14147,24439,16266,27291,7154,728,8404,28707,1058,27460,35833,23183,33447,1671,28158,37263,23277,20352,9153,547,32331,7819,9235,13538,13819,35655,39866,35634,113,30674,4081,27725,30959,12801,5958,17350,30315,14888,5216,4385,16056,31782,29205,6920,7774,32980,35204,12726,34989,18822,13000,32207,28722,21392,9302,39698,3198,33252,5204,14198,26328,5248,24184,3552,38516,13976,12068,34238,19835,16468,4857,8889,29180,14582,20624,11747,24350,26365,35201,11329,32627,21259,17472,39428,13783,37319,19760,7168,17954,23448,1328,18153,16477,11113,15472,24690,4637,12815,15654,14067,18519,12793,26818,3191,33139,28593,38248,14107,7972,13778,2858,32254,11198,24420,23024,14185,29564,9556,34583,4930,39285,18481,27703,33432,31361,39527,8471,4375,18601,23418,21311,29804,691,30637,12406,35225,19339,27261,20268,7436,4420,6374,39479,14778,11327,22198,7039,34893,2360,10424,39790,21897,3597,29794,6520,9582,24060,4581,34325,26849,38987,15294,11496,549,27915,2298,29893,19978,20436,32633,18082,2433,31545,31807,37975,28195,199,34053,37557,28404,10680,31808,38934,4726,11428,1029,33306,17369,34762,8390,21877,36491,9975,11422,10033,653,11009,12552,18930,4225,31257,6910,39885,37133,14865,11739,11463,14516,26785,33272,25297,22103,22873,11098,11204,31190,17877,27045,13972,9423,5859,10448,4198,12456,4463,1104,35510,4061,31038,39468,3693,21568,13598,33762,5322,23888,12690,16031,23593,33089,39616,1659,37453,4421,19985,34785,39256,6604,32713,28957,15187,36124,25699,26085,38143,18199,3546,4373,35204,18132,8242,8165,17501,15316,8238,31876,34361,31502,28898,24602,26427,39950,11270,22146,28541,15866,30637,13699,17310,16947,3794,5685,21416,19005,1001,21387,35322,25817,13102,7125,37694,37909,31156,28700,39206,30038,38634,22866,30016,28065,24054,10149,37152,10037,27785,14844,18764,27079,23591,2242,344,17568,34088,7528,2407,13529,14415,17387,23629,21138,37882,18999,1995,31214,31787,32062,17852,37861,12373,19792,3290,2550,31784,38601,1251,1606,35560,16186,15320,23242,32685,10186,11536,17696,17647,32790,22804,19489,34126,11325,5190,31220,31550,24784,31623,19985,4587,31195,27255,28408,7206,2428,10558,19876,32976,1564,11845,25575,34871,595,38488,21773,5320,35338,34223,13203,28025,32779,10121,14349,15422,12387,9503,26070,38882,8743,14196,22842,38539,21417,18818,20926,14884,35042,39726,15593,21607,31060,19422,37325,6054,38681,8095,33532,39551,27632,111,9226,2195,8130,17413,12278,28240,10820,2199,26496,3954,35766,12521,16685,39460,14014,33893,2086,23186,28717,9717,13938,15502,1554,24234,21723,6613,25381,17949,6903,1478,951,13429,2585,9673,13523,8228,24688,4516,32846,3150,35826,21934,17762,7029,29940,21761,16597,19380,25437,34477,33192,22670,15652,13486,34500,33878,26870,7107,30453,18731,14327,10581,32373,6071,3316,12961,20468,3463,35367,20338,22823,3647,26045,20872,1149,36284,35815,33612,23856,725,32899,15818,12340,31489,21966,2964,10830,19775,7009,21421,34049,7286,5581,19872,3636,8245,28939,5781,12677,39530,35270,36426,21617,24418,33527,3028,423,9759,28361,2411,32840,37896,5761,17831,5753,1791,9298,22194,35959,3241,2498,9874,33946,31846,28576,22264,24252,20313,8437,10850,10517,639,33491,31633,4953,8854,12571,11170,28943,12017,34992,9579,38958,3133,5151,16011,17710,13508,16994,4413,6369,25567,17466,8339,25331,33123,39561,14918,13724,17268,33648,23910,34498,1393,29470,25519,3812,33449,2536,6491,3858,25827,35044,6680,13748,33065,31695,38157,29714,6098,9444,10945,9660,23629,18941,27654,25835,39515,31278,6463,33528,19572,26387,11872,39901,35877,39726,31997,18654,12536,27991,23560,31841,20305,15664,27757,20841,9306,38861,9187,13695,2397,18969,17468,12048,11150,7709,3679,21640,36033,10194,26445,18610,30788,7399,1948,1043,22785,20315,7324,34984,21331,30561,19227,33465,9345,24044,12533,29681,30783,23563,17575,16234,17117,33231,32298,4373,26805,22192,9294,30691,4454,16279,22465,22871,12531,23077,5544,37308,1884,20335,18892,18682,30063,840,26450,15271,25704,12886,28648,31063,6289,32921,4089,2146,37710,24914,3538,17208,33284,2899,24476,13858,38912,4221,39113,37535,21554,21273,17937,1592,1182,25792,3241,13247,12074,9602,9235,385,39581,5714,20114,1241,11666,15537,20237,13736,31440,33644,33479,18088,22139,10857,4790,27056,17164,26297,91,34624,27967,37636,12800,31568,31685,10772,560,34807,3865,13492,18627,30606,4072,19805,25565,7689,29656,14899,20983,38733,16261,14167,8061,33625,10559,4159,19939,9583,26914,4197,4445,8889,10308,20013,9500,32289,13479,21395,20972,38376,17898,17051,95,21823,22852,12261,39511,35887,27633,17010,12938,1853,33288,28909,24423,30484,11359,38736,26740,4339,28206,13241,18734,21113,26300,37245,4945,17139,26162,13623,18600,14853,37472,5116,18581,1801,11061,34074,27520,22988,32888,2728,29495,4490,21909,19686,17847,35040,39865,29582,10449,26540,5613,15151,2804,8827,11479,12611,3994,17427,11716,24471,38907,9988,37925,9214,33741,25393,19461,13184,9138,5677,4824,34660,907,26062,16156,29273,21462,29727,26916,18270,31497,13284,31705,3994,35737,34934,24754,35503,39752,12588,34265,8701,10686,3235,20276,20212,12645,14534,26234,36749,15762,9785,39002,12951,39270,31554,38326,29080,28155,28451,18228,13432,5182,3229,181,10192,30182,26750,13315,14613,8557,20482,13890,1945,17402,18312,37442,23135,3532,17937,37738,24806,8911,37717,4214,32502,5654,34646,1860,2320,20654,26442,20971,24186,16618,33734,95,14309,7255,34144,28306,18659,15783,14436,7042,37685,5644,6931,33566,36053,10376,21687,29637,37294,33195,13859,4553,16240,28698,16890,16532,22753,10886,23958,12588,8571,34290,29382,29612,34757,29797,16841,11461,13486,2670,31407,13480,1540,18178,10268,6166,10151,1706,30340,22398,18354,6858,27383,2711,39261,31732,27301,21785,30551,39327,1682,237,23587,15901,33086,16982,8663,3455,36214,19907,3389,31115,29304,19022,6015,35836,24190,12884,19064,14011,19909,13489,24565,23047,23590,3548,18228,20307,34172,23792,36737,14585,21026,26661,23980,74,8625,20050,15033,20845,22182,21733,2973,20738,12775,24483,15970,17664,4014,1288,37814,6739,4980,23311,29916,17541,39642,37385,30296,19640,565,24837,36134,8109,35440,25380,8196,17826,3889,36502,27082,26712,22847,38641,23770,28153,2681,20788,36247,3079,14082,23133,23303,32813,7829,835,4160,16956,27710,37856,24368,37625,34840,8504,8367,6277,16385,35524,14494,29810,1878,39858,30953,12866,15563,11543,9645,4238,31523,8197,35214,37643,10218,14291,25919,171,21914,34392,5533,2362,14531,33810,17238,10100,35463,1219,14246,13718,7528,35838,13588,18635,20546,30587,18041,18941,29711,14900,6679,10746,20274,22122,24438,17099,15551,2076,17917,27636,13083,11799,11634,31316,18189,26249,6319,9498,16579,10844,20797,17296,6285,9264,25463,23320,2201,21837,11178,8504,27254,13929,1466,12022,27101,13055,5080,9340,32104,221,30555,4627,19178,19585,6222,708,9971,30468,32633,28140,11534,34863,34874,38604,28672,9157,2277,36505,1931,37155,32247,10930,32921,7507,38893,39553,21874,10951,30095,32044,8809,22510,17584,11358,20936,22751,19681,24671,17256,7615,14747,24343,31332,39370,4479,36639,2511,12614,12114,19142,25076,30623,19620,7490,19507,8139,21467,25626,4945,6798,28180,21880,19827,36896,705,5941,30511,6993,8533,19520,17934,28897,2982,33648,37702,13065,30618,20944,12758,24993,15945,28427,5313,38795,4311,31097,33681,1772,209,238,26550,32220,30888,39240,9477,21544,32330,14855,36675,32565,21644,31353,16219,16903,429,21119,34182,11498,37262,13329,34701,9024,20211,25755,12557,9635,26678,35762,32337,36235,10739,16069,17343,34948,21920,8039,10603,3979,5792,29862,12578,12035,12712,26171,25996,19781,36336,2245,31095,8615,13029,16939,26598,9934,24611,10467,31779,17583,17892,36047,5312,17975,28511,17137,15564,8727,16273,28050,5926,21294,14459,6017,510,35351,15477,19228,14335,18686,7599,13978,15493,24473,23359,9652,8681,22983,16125,11551,12992,18262,960,29412,19492,31020,31930,1749,32038,27550,12788,20407,16578,10944,39024,16032,19170,24632,32666,14231,14926,552,15387,36738,13487,11000,25583,28885,32246,18161,14312,6756,36623,1763,1083,5635,24076,14922,36053,28824,13030,25432,27680,30410,5860,11857,22667,7735,28064,15297,12539,28166,13569,23109,14867,38629,11921,31075,7263,30501,6890,26844,6831,29019,7798,16855,1600,1330,34457,15552,26912,12129,3058,36744,38592,6954,18125,33366,2833,36762,29413,23349,25429,37515,17391,36103,6934,2616,7043,3710,15946,7917,5872,10270,2378,27399,28853,1716,34617,4949,15714,38833,27469,28025,4252,14808,6091,9818,11584,33034,8140,4108,20042,38094,21942,15719,28980,30077,8891,11686,397,22183,23529,11073,23708,36519,6083,31511,16199,6960,30488,38996,31471,27227,15151,27269,34025,33033,25831,4190,9793,31670,11052,29142,21547,15350,10292,24884,38150,6655,17276,33667,5821,20957,38234,32307,28132,28240,13980,10783,34659,12477,38811,11040,37429,39720,28113,32821,16733,36887,12098,33052,32606,24821,28145,3800,4419,32876,31713,26216,33557,28046,1561,9716,38015,39533,29252,21375,19534,24577,19144,6519,6052,18769,30560,16684,18859,38386,27508,1895,30193,26467,38888,23408,33928,35316,12303,4448,11068,31336,16283,10236,141,9384,10476,11506,24254,1535,35511,27198,4185,27910,18866,36951,21558,13480,2751,10286,11417,34057,723,21673,16894,16861,10311,19552,29476,11827,35011,26818,21819,22843,21818,37050,20250,26809,8668,27834,28349,21582,38763,10872,13986,38395,21360,26459,39527,9929,23366,446,7662,34360,2887,39624,8112,1382,4961,37858,6646,36387,22486,35635,23845,17950,38162,14476,4920,15312,39358,37729,2517,16659,8012,35773,11138,2906,12240,3596,32463,34545,27033,15391,23352,26979,15218,27341,31948,7934,37097,35120,11187,26784,37578,26293,3221,22023,37905,3135,7326,28645,33438,33179,39397,25609,10584,11294,534,14576,32919,24482,10217,17189,36484,38681,9811,21715,1402,28016,20479,1710,27747,18306,26190,1662,35256,17225,30746,31234,38011,38068,11916,27096,29212,31647,18974,17173,26899,5457,6437,28182,27123,8063,2512,4825,38737,19271,11944,16693,2323,30156,15206,6509,19357,19777,38932,8832,15572,35166,13581,22942,7849,26658,3561,14014,32077,10373,30060,30922,10427,8050,31545,23579,22498,20247,24462,36232,29888,38148,23402,20766,6703,29911,22048,29769,20375,26259,21035,33388,15655,13973,35804,29063,32732,37803,15570,35867,33617,24558,31352,15485,32506,32244,22733,13762,37870,22661,5995,39491,22758,18423,4313,39458,28712,16958,34798,14150,36844,38346,30260,14092,19782,11197,31439,35680,34242,2162,20386,1576,25299,1884,10391,26714,26956,16858,5102,9138,9927,4125,28821,2573,23416,20641,20943,33784,22746,2369,19196,37003,215,11565,5140,1139,19182,20471,23371,10415,21462,31501,6433,11299,31329,30378,15537,37618,18257,33437,12330,27629,8902,16216,8880,34575,32563,15655,12050,955,36989,18664,22587,25409,39518,12286,11918,5012,39324,37146,21359,18010,20709,1809,18960,5269,15294,22288,20957,6871,17176,8011,16246,11538,9284,17387,3040,39602,17475,13395,17067,30674,3879,2972,36377,28604,8622,36188,16257,5129,14094,17856,26168,11189,29396,31974,21244,34252,24484,603,38820,21776,11816,12426,4508,12945,29421,17477,2045,39322,5820,4129,13632,18645,19218,7351,16397,25871,8489,11543,10027,18995,5508,16971,16960,35542,31593,2675,16495,24562,27237,34602,22099,28044,36092,37306,31222,2977,4640,28996,25561,5409,8544,29317,1726,35,7253,3944,5112,18504,10010,222,19578,15773,8567,4895,9123,26459,21775,4998,31154,17178,4091,5494,28052,2167,29717,13437,14191,17267,34821,12905,7939,1376,29832,19006,4218,24325,7591,17278,4107,16823,12770,33802,34131,35976,37166,17031,25484,12243,10592,10460,33506,320,756,14115,18024,2882,1413,7746,19442,5821,22094,11055,25382,38289,5778,11978,34013,8559,19250,3649,13264,11788,14798,15800,16177,16365,36927,37627,36629,24912,7690,30444,3110,28998,3612,31408,18984,31207,16774,36723,23247,38482,20905,31035,39135,28622,30864,31011,3766,31315,13553,12042,24622,27982,14537,753,11721,37929,24069,37403,19710,12734,11639,3527,17562,33234,18272,29112,38278,32992,12854,15868,36558,27152,4403,26171,6612,28122,25536,7251,37416,10694,9545,27724,30525,13031,18963,7610,5064,37246,38080,28219,36895,21756,21162,14455,30103,2702,33886,13609,35524,4513,16957,11642,26336,3557,24666,11828,36337,30741,13765,7201,11125,28488,10029,22364,21516,27952,34136,15422,18383,293,11393,12095,26364,15178,35706,13204,13985,20334,17015,14759,5081,34524,34441,14849,29668,9542,4668,27172,35653,21220,18076,31794,12441,34930,31809,26228,37188,35604,5773,22089,32185,3600,10771,16435,14764,27368,8057,23675,24659,369,10741,37965,20709,16839,22460,25361,15979,3092,28817,12875,34153,13866,6387,5573,28361,31135,27943,3986,5813,30255,19672,3231,26461,22575,32806,7532,29407,8546,7960,5176,35719,9528,31305,32328,29844,33398,17966,25791,31304,6739,15425,25968,8702,35261,23134,17001,12369,25291,5075,10151,28671,7522,32242,22883,28960,35726,835,20176,13949,18760,19242,6215,12866,19105,22858,9591,33780,19316,23800,12004,18820,16471,30780,30712,26272,4645,9451,8049,27903,12699,1872,13863,24388,27700,28186,2601,28104,19808,26691,8119,10236,27543,25905,5140,13703,33378,27533,28376,19627,6487,4602,8183,15295,32071,18763,14430,7834,28206,10279,8256,17945,11779,15369,37016,22618,17262,23782,24836,10180,16178,33771,9373,15760,13293,21126,34338,23507,35565,30022,6155,7281,5423,26551,29797,24760,20187,16523,23703,12222,212,38441,37796,9162,21424,17356,16229,9597,7734,4920,28529,21168,19182,19330,15325,36905,28735,29949,9560,3646,6984,7460,11925,2709,853,23995,26353,8929,39302,34399,221,14298,35093,1333,10376,26064,4498,24074,23341,35051,28210,33290,23849,6133,10061,12531,26964,39343,9301,19695,12124,24973,12548,31507,38044,16739,13308,14739,20527,39805,26316,6876,953,33682,8749,19665,38469,27386,16750,17557,8643,6409,1833,3097,23358,39198,7833,19053,23736,33030,5249,22834,9788,14803,39148,38199,13586,37383,38463,365,12845,36464,36075,35215,22916,16161,37204,18408,37507,32549,11560,32094,9353,4912,31016,39677,15265,15011,27700,10485,19080,11056,27031,7061,12650,16035,21404,9286,22302,16798,3084,5838,3848,10792,17909,35419,39716,22725,6885,28007,34124,9777,23324,31957,36536,32914,38245,13783,3050,19690,25936,10696,16220,30948,18955,24380,16173,8937,16033,7476,34330,8792,5796,11749,31154,29988,23726,22661,9590,12582,13794,16806,25527,11339,16378,35989,37113,4574,38985,32545,30812,28146,26339,29284,29050,30532,20692,28430,9691,2795,38764,3598,26337,35768,23327,7759,36530,17254,18024,28418,2903,18721,1011,29687,32115,22133,1000,751,2619,32964,38640,35179,36540,13021,32480,22176,22651,25924,31102,23707,32747,37663,16011,5906,24316,19532,26422,25146,36995,35620,18501,21466,23133,37281,37896,13909,8774,34405,24149,2936,2663,8528,3309,30491,30525,10041,7987,29589,8085,4216,20380,19917,29364,13922,36291,12139,34603,34110,20044,28630,20839,17223,28052,26845,32886,16676,4695,18268,7844,10429,37528,23145,29492,38365,1823,3074,23402,22112,34879,36342,37352,35555,12084,18387,10463,28918,2650,22989,5730,39060,24607,12560,34179,4269,8889,9000,4816,8649,14949,8968,11587,32870,12394,10881,27206,39175,21744,35347,26452,26886,18376,29929,18931,6526,39863,3589,27356,9033,36529,16824,15211,24576,26036,9929,16518,7416,37047,8797,19197,34222,7829,4590,4110,25457,12929,5700,20035,24951,12355,24730,8824,38345,11335,20473,34067,11752,38499,28389,21674,7205,27471,8448,24652,33349,2751,15800,23781,13107,6342,15030,18510,13247,4127,25560,32256,11264,32165,124,20205,13396,28101,38026,8591,11676,6700,409,37169,29016,35102,16928,4721,7506,31610,2096,31929,11937,12016,36910,2361,31901,10305,1614,22400,6917,12966,8686,38211,25590,15018,18695,4457,17473,13283,33404,6273,9516,39762,1895,37097,4637,20672,5726,878,27888,34238,34981,20246,34457,9159,36809,16930,3505,35902,28758,9443,12811,26688,20480,5608,22790,25920,29772,12522,38386,36887,20450,36035,29907,12231,28312,2445,18916,22089,3544,2786,16117,3134,39909,3469,6414,7609,15952,663,27177,18658,22089,26498,29477,36999,39765,32401,38141,24685,22005,38095,19363,9258,30816,39798,12418,34615,1402,8676,19806,5632,15102,31770,26175,7174,12848,36849,30258,15840,3105,33773,33730,29695,2740,29274,31500,19358,17254,15548,17704,39903,38187,21354,14499,4645,24782,13523,22393,26963,21316,7746,23234,31970,6830,26985,4291,32704,38508,32284,29192,3000,31054,16770,20797,1775,35456,3693,13668,6689,23389,31089,13243,11700,5459,31118,7823,34604,35394,11465,6483,1187,22549,19420,37979,10634,9501,28905,21894,38521,24535,18293,37177,5445,5012,825,9577,4648,39574,4597,5935,10252,39257,18307,17568,5332,16199,36405,32764,19734,36856,10643,4047,7571,39602,8755,10698,14826,25720,19465,10451,14096,35381,9931,24960,5500,23197,37604,35960,18118,32025,28610,38095,38607,7630,27068,25664,37565,7980,18071,33656,39534,6955,15709,11003,31768,16189,5167,22275,13049,5358,21566,3278,63,16704,27559,38633,30831,3452,20290,5576,24425,4277,61,27206,29889,21524,33446,11280,18630,528,38628,23352,39511,18743,4679,10213,18784,34022,22685,30580,20090,23852,35071,7253,1718,25428,17717,36674,22926,14441,2254,9430,10774,14934,33093,24223,25703,18319,1452,10408,18566,28699,30879,16028,2201,7019,17503,16869,30429,25694,1223,9112,17894,2429,29106,30020,27909,27241,7342,20873,9442,20717,10305,23188,23998,25423,28610,17462,8393,29339,21636,38774,22072,7012,14500,17985,1766,20559,13230,34750,31072,36837,39819,15212,33788,26897,20417,33207,35445,11794,34577,17544,16490,30200,25061,15665,2554,20188,10735,7169,15253,2629,15383,9710,33735,12802,9982,35612,37317,33980,34871,27151,21153,16790,18781,38392,20160,34296,29820,32039,20548,3829,32044,32491,29341,26698,3584,6679,38533,10886,13994,6570,21700,29151,24435,15551,6165,2441,2080,52,20050,11211,23730,15490,15928,21656,6831,15834,18530,2285,18270,21295,11360,37625,5774,20867,3475,12557,28809,21671,9106,28004,17049,4349,32118,18790,17729,39042,14032,36290,38216,30985,34615,2111,16577,23777,23300,5112,30509,18747,33791,5231,5114,26039,7419,11140,3723,36346,39489,11978,747,30714,22790,37083,35603,28632,34338,22344,21198,22451,9894,6521,18434,15349,24671,838,8954,21857,14913,10197,30337,24901,5300,28883,30487,31481,12324,28364,7069,28581,14725,23883,36793,37531,20814,16526,16891,650,30106,5292,39387,15555,2232,22380,37214,8118,453,8985,18375,25238,5403,33943,37070,2982,6660,11101,38284,21353,7014,12231,1323,638,25848,24660,1354,36319,28002,3797,17657,1232,33194,16116,32734,21236,21541,30246,20474,10961,10023,9962,25244,9552,9369,14469,24487,3164,26409,11679,23642,14513,31610,7720,20956,33302,28894,13772,31777,28654,31425,8559,32285,2697,21219,7522,449,20982,7921,2816,20757,39820,17893,31743,2052,3841,2933,4196,31482,18996,36665,19551,29540,15430,11078,26366,31925,34114,37346,32930,20842,1684,21215,27881,6967,8074,8473,34507,18242,2178,35676,6236,25125,12396,22135,25306,16164,1179,14683,17164,18726,5310,2964,26345,23193,15323,23150,31613,22527,18635,23075,27988,24203,6229,37094,1185,12358,4161,34956,25660,38240,12062,18585,33557,23013,8746,13650,32178,32472,20517,39922,15230,23468,13750,24035,13709,16881,21296,34733,29669,17690,29443,22249,34006,6906,23394,38711,7879,12602,2291,17330,27570,15600,13792,34413,39878,22275,5452,20427,30369,36206,22229,1651,27271,18664,24917,20778,11117,3445,35397,2694,25234,9311,16737,8988,26454,29792,8209,36940,21374,12314,26074,38744,20843,19190,37402,17183,22915,29580,21518,8537,31090,30682,32709,4671,29297,10786,36823,28151,28195,16081,10055,16735,29865,2621,33907,3816,27335,38056,27144,24711,21380,1195,38602,8885,32474,22150,22687,29569,34929,22256,15965,32390,24997,29220,38122,8826,15670,11610,33467,15600,8666,16397,22509,30132,20411,27462,9094,1652,38057,12872,30370,10723,39696,21793,23064,25820,3484,13537,32507,32330,10346,480,30170,6558,34564,27017,32567,16958,22776,2472,11735,11697,30308,18882,23971,8644,7823,17571,33035,12409,15009,25950,30366,11543,2733,22375,15358,6509,1008,18501,22842,34451,33722,21459,4028,2812,28941,29171,23174,4836,13355,2801,10752,23249,19641,4200,38313,33862,22877,18268,29793,8243,18247,9422,37673,12790,34751,26327,27632,1188,30456,15656,6059,22235,23766,28855,18996,31839,13522,35608,6846,34418,9337,4181,38543,24172,36483,25822,1335,10026,35727,18129,3878,27591,25622,3429,10091,27066,6973,36929,25698,4820,1931,3224,17545,10442,29654,24623,17737,21481,11385,23956,34877,36128,24495,12562,28967,2818,10428,34193,34139,9038,16998,38764,22251,32276,13471,9732,35613,4581,6339,24851,22786,22723,33124,37625,39428,16579,1159,4438,6957,6225,28146,23766,6257,15057,2103,2237,14390,7986,18499,18748,30315,34486,5768,480,3318,13687,18808,36824,8107,33648,28696,38786,33105,18316,5638,8024,20341,16631,39465,27098,33100,24742,38112,8243,32982,15924,8007,38175,14284,23912,1554,39897,23740,3272,20523,3253,34085,177,38152,8206,15616,38625,27755,2209,16695,24766,39291,1083,17329,30337,18803,22821,37059,6521,15310,16271,24039,21572,36459,2273,9753,33735,14426,25285,10536,24531,23217,37853,8145,17306,10070,9493,18096,24541,37975,11230,20146,11940,30316,25274,25994,6297,10437,28152,27425,4078,15119,8676,10712,27141,38404,16690,33670,16528,35500,39801,10054,4679,18240,32970,37412,9991,34950,1353,30727,27208,10203,9113,21045,33113,27079,27887,26398,3647,21577,33335,12524,702,3172,20979,26432,10862,10432,23879,37394,20261,32125,24239,17108,18835,23892,2062,36411,702,31998,8435,19146,13689,25171,6699,29485,8548,24506,18376,30299,38005,5009,1410,6597,27422,16069,18594,24651,3526,31594,37280,20147,27716,5917,29163,18853,15696,31340,6432,36402,16796,27683,27343,3009,26988,25559,8985,17090,16062,11776,9626,14755,39704,18667,10958,11034,23052,28101,19851,31433,12909,12781,194,5775,21800,4799,13376,28416,36515,37622,37448,21155,268,24790,757,13813,30663,37233,31131,33192,37448,11112,27146,18001,21539,4200,1027,228,30710,36069,13861,36574,2246,23289,9616,24101,26580,22539,22575,15846,1951,3328,15230,38010,20335,14537,23491,10728,33203,1041,22550,17553,20604,10716,7085,27415,35723,37847,32294,32415,27209,30229,29697,27590,33507,36780,11471,33729,1893,24093,16015,30814,21,33828,35573,5572,39042,23642,19602,478,21563,21279,37062,26813,1464,23324,34984,11480,1069,2444,33270,12982,11503,11808,16838,10348,32286,21960,2548,3986,17507,14175,16063,17221,26260,33307,34862,8159,26305,5613,1418,10983,2684,31092,37303,28686,7451,2790,21078,22530,13685,8993,19347,18338,1568,21699,6531,342,34154,5475,15224,36457,33945,22537,1240,5683,17689,32671,24676,39139,19038,4963,12852,32125,2718,2103,4663,11710,60,30828,28221,6267,26241,19079,21458,38556,1710,39690,31060,13947,5334,6494,1182,10612,9767,32775,15660,16060,24661,24104,2499,24622,33810,18283,82,6385,11291,21478,36955,18573,26836,6202,21659,6179,32390,39551,5740,25676,28766,18755,8675,21166,21092,8305,14080,19637,4122,36668,21138,20239,7735,33064,23326,1027,12115,24030,20254,34958,27606,23545,34000,8888,34213,1820,33385,18717,8827,5351,4613,14175,37044,20719,31621,22903,38040,14118,32522,14849,26751,35749,22231,23718,11219,26960,22861,22392,8300,165,3871,35191,24125,21666,26726,14570,13192,37176,9469,35687,25809,24601,8973,33313,25523,34445,39819,38405,16553,37659,20157,39063,35004,33375,11481,19166,14517,22507,33358,176,29023,9572,21,8308,28751,39186,25603,5113,38900,4153,8738,27010,3417,8761,4839,20842,26425,36315,8117,28606,11901,34911,38770,2586,23548,14993,7849,31904,27532,10181,19061,10379,17076,7560,39421,4373,12218,19858,33419,23136,22267,31393,27114,24266,39819,38495,39259,29451,7609,2480,27441,28438,15859,6875,32101,31926,30710,26822,7087,11771,36354,29631,17078,17247,25952,18813,1934,23911,22276,20270,9045,33114,26244,16307,34589,5189,34469,26753,13226,22886,5706,7076,3074,16246,10989,3169,13151,9198,19827,116,6051,32476,3696,7289,6928,12970,16201,11877,36181,11679,6712,28629,29761,2620,1654,6926,14519,4747,23696,39909,7287,22124,30486,23611,8992,2053,25577,33148,17838,3881,11633,22530,7799,30513,8409,19980,5482,8851,34079,6486,771,4851,13252,39148,24614,37719,5255,35263,20974,17294,20200,36773,21690,28312,23078,17761,38781,5160,24268,522,24000,24140,26112,21355,34838,25727,28114,21575,39508,38220,31027,25788,5543,3652,857,15778,30580,25672,7396,2930,35940,20883,25279,38468,34980,22181,18539,22999,82,21822,20987,11736,34935,19310,10546,31703,27854,34486,35304,13791,38523,22472,10423,30952,520,13668,16462,13366,3868,39932,10056,31666,3119,15906,26847,2946,37637,21930,36481,5042,10909,19391,5486,5743,27240,39333,24439,32884,25717,19973,25299,36269,26041,25883,8189,16799,31225,13514,38551,34193,24852,9316,18938,2075,38619,12115,34446,27128,14225,26900,36556,5093,26431,24600,7117,24742,30511,12991,35821,5053,8158,28586,6649,38919,15954,655,38206,30125,21512,26405,12283,38186,35899,6199,37770,21920,20164,14128,29407,4238,1047,5961,20992,26183,33229,14592,13465,15859,32201,39745,28673,17148,2598,34882,26414,27288,22357,28647,39504,24779,15996,21423,16825,15586,5299,37799,32525,10867,17448,20097,27735,24496,13560,709,29040,26896,8093,38469,3302,37914,1600,23341,26343,33205,750,16323,39062,4256,1914,15792,1380,36821,31533,24537,31244,38140,39590,34927,29794,20972,21379,15800,12437,29824,25741,35280,5091,16997,23636,35924,17090,2560,28492,7089,32388,16362,23935,19225,3839,22265,26127,13670,18846,25742,17054,12772,30711,14512,29780,26643,25018,29222,38516,2649,5289,14228,16234,3041,23588,12334,19422,25779,16962,22544,32303,8365,36341,8196,18966,35404,18850,34835,35777,35910,31658,33397,27287,20323,38138,22896,5583,25670,14287,7907,17896,7180,8343,5405,34654,16336,9948,21277,24803,3977,16754,25597,34720,1155,14807,30381,26310,38478,37701,6533,35565,24982,16007,10810,16019,24932,12931,24475,29824,35045,7884,37518,32507,27616,17945,12162,24181,9752,18168,35928,24628,17610,30302,38162,33722,11457,9250,21996,23697,35411,8997,29085,28272,26305,27496,31461,27720,15866,37018,4765,17076,35304,30858,2339,28096,14033,11626,10960,19986,8662,11652,32583,17374,4285,11272,33464,33648,37372,13247,27852,19302,11112,36604,24467,38095,14219,14094,32824,9156,8810,26824,3898,39539,6129,7513,27770,29473,20225,35746,20755,31661,8876,966,35083,27456,92,39992,12324,10890,7720,20161,23865,7507,19311,3872,35802,25643,22543,39992,6916,17818,29382,17715,20022,17201,9425,18231,38102,36299,8387,828,196,24971,1408,32031,9678,37814,30569,19920,35147,644,35900,12815,19927,38038,14292,22392,26840,25577,16692,38755,7740,26147,21903,19292,6229,37656,21071,20005,7214,20974,15590,20425,12059,1103,29528,6767,7064,12776,18776,7891,5537,38916,38259,11217,18672,22956,32350,30255,33863,22199,1201,34600,18057,16805,12175,5263,20281,34360,6595,36585,1892,9865,37918,871,5734,2641,39520,24447,32753,18183,813,6538,5419,13579,22881,11030,3574,33503,4715,26834,33961,9539,38442,10886,15334,36590,7189,25974,33752,38648,21252,32231,39695,22837,31030,23032,17293,17288,29532,11694,33739,23824,9797,12477,4146,28990,4006,33207,1302,18975,20228,26149,12946,6168,6163,32873,17471,15043,22693,18836,36676,22911,895,31951,18752,118,18864,27336,34658,7969,7234,33584,2714,22674,30611,2570,20286,14353,29418,38205,5665,17974,24333,23976,31926,30630,6257,35896,2149,3820,12805,24286,1623,13909,12855,14069,16026,8973,19902,36459,21848,16836,25714,4812,25099,23490,1725,1566,36950,2088,8059,2587,20160,5331,32833,9218,12097,12549,13100,6893,556,14344,25873,25078,14322,4527,9133,499,29502,2311,2037,25301,18772,14317,31770,35441,31385,16882,35947,23894,17468,21934,25016,13177,23319,37203,2377,35958,24687,318,7314,28637,25818,28666,31147,30163,20608,2266,18169,25363,22006,26786,2319,5194,31817,23775,35608,1312,33101,70,9826,780,38672,16504,12271,1657,7092,35187,37455,29287,20316,38382,23300,36042,35190,33268,4619,28560,5043,22421,30679,37353,4381,30446,38487,29134,35732,11442,26685,37783,26381,28130,18500,33092,21857,31194,34854,26650,29737,38269,17554,22406,18310,28885,29435,31964,33836,32443,26221,25768,39814,24665,37869,35837,9208,39957,31160,25077,24274,21732,27172,7474,20968,30765,38478,38197,32763,25906,31798,19894,37811,8835,8629,22383,33956,14549,39491,25997,35502,697,15953,29639,19120,11261,24177,28250,16570,19836,2748,1375,9322,37020,32517,11357,16722,8444,25334,23518,32924,33087,39576,9985,16010,37201,26070,20866,30936,22012,74,10060,25325,31241,4079,825,13929,39112,2331,16379,14450,28793,32725,24720,18134,34709,5974,23797,18074,1762,30026,16022,13410,6387,1983,38192,25000,5872,16306,12773,1212,30660,27998,28508,31330,14401,5807,35281,13581,26612,23664,14039,8558,26651,6882,21561,33651,31319,13633,207,30352,16177,18523,22787,11814,15550,32616,36032,36894,28437,28007,291,35179,1045,14150,38760,9291,12309,21236,37102,1448,19113,8880,24211,7165,9671,35038,16202,3274,21945,26617,12604,12738,18252,37154,5271,6216,37161,29798,19339,20362,36441,2201,26632,39730,38143,10377,33092,34897,32975,11844,21186,1329,36202,28353,11210,153,1181,29423,8563,17554,27616,14414,32237,2232,24417,30212,5924,36955,6626,24130,19668,38564,32208,10517,17665,29988,560,33904,26506,5023,2530,13745,38621,8633,28044,9190,36503,13308,18474,29097,36764,26141,14572,19011,10645,8749,28872,3421,12174,36278,34835,28808,26108,1329,27372,26343,11721,15703,38496,11424,29197,19698,31195,176,37383,7867,28694,39497,14530,29342,30268,360,20568,30345,3282,37776,5821,27362,17079,14280,33100,23426,30769,38457,31332,11825,20936,2611,13434,15846,16124,22130,9001,8054,36466,8549,34417,14666,23580,8959,22134,956,17704,1273,14813,28436,26653,20269,28322,37719,7452,21537,27251,24997,30565,17446,32489,3801,36930,26984,37234,5554,26759,18587,15882,28803,34676,17649,33729,26999,20145,11722,33021,10335,28015,3923,17561,10474,27908,34049,21619,17852,20461,23760,21903,13685,14036,28771,1288,513,17240,23898,1331,36122,35591,17726,11334,13365,24886,11045,16375,12701,21140,36880,4955,18758,15296,9868,1825,26542,21599,8625,21168,38260,2690,23856,19376,8063,2922,23848,39632,18977,28679,24841,9964,17771,3704,25890,31686,1651,31276,39378,28144,18038,39327,31461,20017,8186,21608,39827,11415,33659,25009,4414,16054,27714,30037,16715,19383,37913,18829,728,6088,30160,36654,6070,13431,15864,29964,33716,31264,3543,1128,25734,33647,8907,33770,24248,37955,8462,19739,26717,2746,9257,9879,31908,3720,10898,26142,12668,28307,33772,34116,10006,10335,10721,38957,12325,9563,4634,15888,27336,20266,5999,36022,2359,17821,5389,16535,10816,23381,26818,3411,7469,37390,5711,13653,34711,6654,22051,18474,39171,13213,2328,15632,32529,29305,33840,38181,30377,18979,22646,13117,2893,7156,4471,35907,598,21425,34648,24968,4174,28308,35120,28809,36558,28554,15775,1444,2683,36963,3896,10740,15454,22422,25549,7916,18843,4967,19361,35000,11534,22682,4908,28481,38189,17290,9249,7845,2504,32029,23108,5351,38472,7918,36519,5554,12219,30200,38508,6502,9449,23873,27385,1697,20441,16610,34271,33773,4549,19047,2725,10735,10537,4196,37516,34605,37018,20643,27232,13191,12747,28630,29957,36693,7068,37979,7049,7212,39463,23983,7950,23988,14843,32283,484,7976,18100,8056,29829,31646,21729,23092,38071,31717,24749,19852,34039,3037,2326,26598,5541,37553,268,36724,7160,23747,29640,27016,20125,18572,376,33641,25555,7704,12516,16496,25232,19220,25984,23624,1908,35149,13335,4894,38434,18161,22085,25372,20363,1204,37251,8638,18578,28170,21292,32775,28110,39235,27703,25262,405,18877,18295,20653,34458,13588,16066,11418,26021,13024,3053,18072,37132,17182,33481,34032,36004,11076,29949,4410,14751,104,5701,5685,23473,16839,37573,23432,30537,10664,2402,32933,18472,7434,17045,8884,26625,22327,752,29927,6056,11577,34138,14758,35125,23793,38605,10044,37475,37174,20372,2048,4232,4506,12451,14629,39459,16691,36267,12813,1732,4172,27056,18075,28549,19198,9562,25132,33729,33651,34197,1252,38259,24511,918,36548,4143,22117,36266,28031,16022,2194,22518,20068,1887,6626,1488,23098,36830,11078,18798,9106,15110,36875,30927,821,29101,36466,11159,38719,39649,21361,34543,19387,2209,7063,29939,31223,38836,14090,1796,10010,12095,35979,852,12068,14948,15477,26441,12822,34514,18831,18193,35202,18783,25534,581,9198,27929,30104,9434,8355,323,1121,37454,17502,16017,17461,30353,8422,36221,38423,24683,24675,39148,38518,19717,10864,16304,7013,28637,35022,8461,23080,13619,28342,7782,19872,37907,11402,10189,27129,1757,13274,8715,6279,18024,27323,15608,12462,38545,34515,2386,25854,39751,20837,1872,831,15457,24395,12431,15628,28003,22100,12649,36389,37983,23616,32605,2357,15726,25842,34084,22793,10082,6500,3724,29931,28103,25451,14603,7515,24057,19608,78,1421,4168,2411,10906,5023,5372,29837,2675,10642,23507,20623,11703,19055,12805,13070,14406,21087,12045,11586,37037,1656,15362,2135,38257,28145,30737,17469,17957,6916,26699,7227,19647,16340,36815,2127,15594,26951,34398,28217,6533,37641,645,3770,7984,35688,35856,22574,299,9208,35148,11049,29442,33435,20354,9530,23212,36478,25892,28078,649,35005,1855,31390,35873,33457,9233,10376,29600,12689,31460,9375,7713,29704,32441,19250,31224,25704,30204,25745,34161,22740,34885,8995,11315,24487,20627,27903,38314,7272,8251,9108,19178,25553,33180,30969,37605,7479,22464,10589,3112,3425,33719,30336,16904,5679,16362,36896,29583,35499,21734,37211,38388,4939,11938,4284,6661,34804,30311,27463,16002,26977,38744,26546,33963,7217,18291,9422,5494,8069,38333,34777,14417,5245,18372,30552,1856,12102,34419,38109,1908,8143,25151,11286,23982,9639,19413,23127,10315,21774,16123,17366,208,6631,7648,19867,33851,17744,5096,39003,26366,36941,24496,39426,35121,27364,16711,33443,36363,38267,20825,6057,5442,10424,18450,4465,10572,8412,24866,32769,27728,36411,15084,20315,20672,25547,11079,8525,10335,25707,36325,3444,4390,38656,35241,21022,22207,29857,18893,29256,14095,18846,22296,11401,20191,38606,27635,13261,24892,6477,33611,24458,759,35502,1276,436,2938,25062,19749,10439,22112,18406,22169,2960,7699,27542,4822,13332,29519,11283,24604,32972,10855,16456,27033,31452,34743,2359,33335,27132,24088,24487,16400,20407,20314,29357,13469,13830,26261,21095,26570,32435,39217,18909,513,28142,19273,20153,31828,1467,10785,18326,37780,16448,15397,16071,10335,12146,37616,4729,36839,23747,474,11718,29363,9263,16039,22507,23348,35709,14240,26635,29230,28933,15195,32489,38920,2509,22670,14203,3423,10994,38102,7666,5287,37958,19290,1573,28162,29143,11166,14971,36245,26389,27979,33774,271,34879,21467,32566,25352,17325,9401,30320,15171,27029,29280,12423,22311,38417,5180,10832,22420,23410,22056,5325,10498,14911,19972,2206,30466,15623,2812,20604,31631,16232,13886,19120,18800,35051,23072,39173,22400,32157,15000,22262,4745,22294,35591,29088,38708,945,22896,31252,4238,18326,36902,32986,34405,10414,24900,35460,28996,12709,25230,8201,13809,8906,19831,2119,38709,3876,21216,29338,11343,542,8727,20961,28652,14805,37499,145,13532,38157,15593,29124,31092,4470,35933,36157,16618,27985,30605,15598,6045,969,7097,9282,10164,14449,39299,16424,11698,30513,20644,628,36668,2767,34072,22163,37391,12503,6947,27880,8262,27125,5959,2822,22689,28602,33856,35965,27991,10344,31274,17062,39532,31445,146,13244,20429,7071,29553,2412,34411,26137,70,34968,22303,39795,7701,28512,24773,39135,21167,22144,26583,4511,8584,13473,30419,30671,14598,31277,19905,28482,27529,9596,2970,37000,15,2687,37122,7901,33493,18643,31849,31466,36325,12506,24895,9752,25691,15721,8830,32404,31161,31933,9107,3736,3948,24758,3012,26064,24972,5820,14591,5664,14485,16591,10016,4769,38271,38251,26314,17823,915,19884,31062,10183,11518,8671,15760,26765,17086,38607,29778,35797,7613,34886,3891,18516,17081,10443,5861,19917,8236,22444,14773,25020,15641,16996,6356,19883,26483,38924,35058,22755,29729,3162,18192,27108,18156,34309,19594,22762,16437,22522,3243,22263,22164,8062,36839,31453,1773,4785,21335,18779,25820,12547,10023,31942,32627,19530,30104,26041,19136,37809,37117,19305,29412,13279,4877,14712,14496,25301,607,32246,25019,35500,1153,31780,365,10550,6037,26428,4082,15641,22648,25983,12543,17341,2456,13071,38993,1830,17517,23908,26589,32742,16859,29983,5004,8609,34704,37025,10562,3598,32244,22856,30393,15840,23594,29166,15515,12735,9661,16785,17310,9011,29352,28188,29124,37095,6563,17777,5624,10026,11850,9958,9884,30014,13580,27316,27647,2338,30689,1550,24257,13328,18847,32985,25181,14989,34090,38436,11106,38034,14682,6200,32466,35783,21134,4653,25044,22640,23304,16098,15561,25704,35892,7237,9059,24374,22005,33731,39645,25174,21820,39525,30408,24995,32057,28238,16387,31357,9700,27508,37758,19259,13606,31099,33070,20400,22628,1703,29875,13318,37326,12090,7740,39044,18077,26272,25670,18542,23608,37182,4231,26802,31880,11319,25513,15878,35754,25627,7634,646,39858,43,25232,3450,19402,30531,15228,33125,15265,11868,35189,15420,2547,7311,22558,10663,9467,27141,33468,18556,4133,35127,35665,16043,11862,14788,14277,3490,36487,33874,4913,3482,6570,16695,12355,25348,16152,16810,25554,27805,13850,30826,2843,1240,20460,12147,6380,14633,27,345,32553,32324,473,35076,37506,37223,25043,39203,10345,37837,5973,35708,36796,15433,20198,849,1464,18965,7135,21038,25191,28028,68,29781,19200,3984,19888,17219,13280,4503,7210,3006,32827,26875,34981,10969,1541,1369,33281,13555,28817,24255,38806,38334,38348,8725,25945,3530,25430,28357,6623,36290,30071,21101,6407,8840,22271,5896,33342,24587,22528,38815,14219,13877,18613,36686,31469,2594,31435,4082,8866,28160,7693,16784,1645,31999,12215,36053,36932,37958,36551,32028,37059,9628,4199,7164,803,5062,37758,19819,26515,6754,36080,29002,27711,11464,23494,4681,6233,18726,38440,26998,35118,9908,2358,4001,31008,22796,38997,39836,1389,2298,27060,26679,19232,21131,39754,15968,4430,19464,39307,15637,546,36399,29797,38048,21477,24127,28729,17484,23016,9806,8335,21567,20250,39310,24078,29438,30311,11203,34620,36282,24368,29058,4879,27230,20185,24866,1484,36947,1885,5141,12136,8453,32955,12591,31294,3667,32331,14689,6369,30698,37754,37109,10645,10548,25362,39530,7863,29156,35047,16461,29281,27850,4795,25317,8570,31997,2276,32321,27440,32516,36069,3377,18833,36652,28201,27037,6214,26112,25772,35214,38037,2625,2509,18705,28789,35809,33690,428,7459,4035,16862,33690,23159,24989,23573,8435,33929,22385,26248,20234,17328,21669,9912,37602,30635,5911,11931,6715,23436,11894,4836,7848,35917,15749,34200,30823,1746,30950,733,22038,39216,34768,36907,20862,23431,13438,37519,34271,26417,4114,18533,7870,15085,10656,9780,2881,16220,19414,20064,16167,21152,13338,24440,34022,34465,18216,2331,7654,9921,35426,32939,4207,1449,10097,9525,3513,10029,12334,21255,14618,38630,22237,8631,33571,22603,11403,7976,8042,23809,19116,20506,10024,33164,11997,596,3154,4913,35176,39752,2012,36522,5666,19809,1237,16758,34848,16785,39146,2393,30601,31663,3502,17375,31634,18346,16292,22864,11304,33950,34998,27556,2489,15718,36625,20663,6007,11739,6543,33558,15753,11883,17405,863,9303,30098,39112,30515,17059,12888,26406,20075,30410,32562,38495,26465,5529,1447,33998,36420,33697,1171,18411,11859,22765,38809,32283,29365,15316,29307,10598,14795,8817,809,12471,16756,28939,491,14353,28456,22456,21733,33471,36943,37249,30284,2880,580,16592,8137,12661,18651,21035,14513,7111,25149,12033,23024,35212,3922,35049,12341,18068,31305,36560,35241,34590,18831,27027,27522,39414,8902,25091,3808,24525,33399,243,36307,8891,17666,27336,20543,1722,18352,35824,34838,26678,25200,18270,1781,38755,23981,6756,22296,32445,10514,21562,11531,4908,20149,4480,2733,300,5994,34753,14848,21088,35467,35838,9323,14036,38321,20289,22518,19987,33217,6663,14363,39456,899,28124,35234,10611,7301,7007,6833,33251,4428,34160,24388,28241,17520,7642,38410,20078,12048,7726,34603,32825,34680,7728,39777,29174,11532,24473,748,16385,38021,1916,17816,24919,9198,33010,19283,9891,3609,13452,14043,20896,17183,28985,14817,5280,35272,26801,13994,29997,18157,15152,38872,9228,23443,8197,35956,25290,3089,17576,16851,18740,37030,38317,4424,10900,33677,18042,26322,26568,33920,38048,28298,22587,39719,19977,30107,22119,30345,25591,17606,29752,33880,34276,8044,6516,39189,26055,23295,13546,19531,1332,5560,20318,34900,21520,12889,26877,30355,20927,18204,30128,243,18950,2880,32366,20487,25113,17307,38793,30023,28869,14776,27156,1164,13758,12426,24519,28247,24928,32786,28802,8777,35025,39809,38011,8216,8576,9918,4747,30238,20915,14700,12084,27757,31219,28465,25428,3665,37419,22356,17163,19235,18069,25942,11103,26267,8234,16712,20635,18071,16602,34199,24592,16038,20847,36887,5264,1557,36129,30879,34289,26635,39443,8147,14855,3830,38802,2180,15376,27752,37674,27871,36435,34735,20660,36529,18906,11517,25434,5761,16338,31015,27744,6641,15182,18464,23785,14933,39907,7125,10855,17034,12443,36530,32274,29418,987,25767,33298,9722,11228,26256,14482,27624,21071,32362,34611,23128,17476,23895,33172,6119,10130,24658,37472,35412,34456,14227,31707,13560,20152,35726,15867,9685,10296,28148,11386,39582,17109,10871,12414,15907,457,25705,35714,7533,17239,765,1285,12470,5075,34626,10772,4628,22191,36491,36213,13064,38744,15081,32394,25521,39817,31339,22743,14926,7371,1055,39075,4998,7213,25362,27343,15844,39573,23918,19672,6143,35650,14783,39945,11818,9976,8070,39859,9992,15438,10702,11022,38428,26558,31536,29820,1994,36820,28219,13863,18942,26800,15290,6127,3852,4377,31599,14200,29824,3964,22471,21972,17985,25200,4112,38479,4417,24613,28109,37319,5855,2054,28490,34526,38584,17871,34137,3275,36829,4357,13494,32924,19290,11355,39824,38064,32478,26531,38898,7144,21291,18816,11935,30428,7957,26398,24114,31462,37125,1846,20752,26985,25245,32702,29767,35771,18136,880,33177,34298,35108,16217,8302,27623,26558,17412,18850,26924,18517,21829,32009,14610,16553,24216,9014,17448,10098,18670,9311,8033,24395,13725,10674,7110,27015,34620,20692,12936,24974,2063,23081,37955,27028,18930,15243,30017,21402,17481,38744,6774,973,39029,13550,37074,27187,20091,28224,14457,30536,21933,27790,25736,26976,10804,1961,37648,16294,34057,24217,27554,3197,21880,34124,37587,14846,11795,4383,6510,4487,34481,30991,35903,23525,4888,23532,36118,15372,17703,36887,30708,7987,7987,16499,20093,29553,8660,22574,15695,8079,28158,23697,35549,17546,23302,39093,38472,12791,11796,24765,12738,8368,3359,7464,20516,32048,33262,8806,32067,38514,36607,8829,21782,31464,3229,33847,32888,6302,5255,4866,25124,25786,34714,23412,38810,25133,17181,36246,9257,20694,36859,13025,3356,22321,16689,30772,16155,23995,16628,18422,27169,8527,38204,36760,10484,5388,11781,23110,15399,38216,7065,31395,26072,34775,33982,24959,6352,7344,23005,22945,26839,15671,3754,30357,29863,36960,30853,6367,37147,10931,18697,31447,35987,8763,37465,7653,38234,30718,32093,20550,38376,37758,15902,12015,10959,362,36365,11668,31805,25601,39469,19944,13285,28230,34108,18765,11621,7107,25693,20122,3192,12761,2833,24496,35313,27081,30237,8242,35134,2637,11151,7156,38296,16269,5529,12536,16396,33225,17388,25381,36441,38400,32407,32126,5333,6890,20854,34041,38897,5629,8274,20352,20932,25003,22035,31479,29529,15095,26781,36791,22486,9484,15465,29877,29615,7670,35382,30283,30399,18058,14113,36044,27637,5577,37874,36760,5983,10122,30703,964,4739,26616,20321,19277,26815,12379,21783,2139,26502,16373,17532,17055,31865,5875,13675,957,22894,27740,23005,16155,16973,15796,17010,38374,37747,18100,7963,12205,6759,37340,35407,29779,22332,28434,26509,15241,2279,27905,38948,19880,18684,36157,19117,2734,34919,5701,10626,37311,37209,28342,7918,31175,34978,18192,4148,18604,6457,3354,39162,5427,23700,37844,28805,24017,19790,32766,36198,21962,25329,8918,29267,22496,13745,4000,2261,370,4288,32366,603,36582,24952,9350,242,27672,31864,31080,36949,8922,33905,29751,27601,23169,5898,19434,9510,34607,107,25395,32859,3964,39008,6048,39031,13414,5277,25416,34012,23482,15779,38998,5995,37633,29282,1454,4920,19913,18194,25889,8234,14757,22959,29444,4227,33388,37207,5598,37387,11556,10363,35018,15881,29309,8944,3443,38303,19404,23738,37841,14146,35225,31572,6639,20936,31290,27168,22849,23679,5548,17971,23658,31288,10169,31084,1265,17173,22317,36828,19579,8131,2553,7662,21006,31053,25531,13052,29200,2351,9665,28225,21720,35574,22265,36705,21082,14073,24423,19782,25607,21740,16602,28634,7523,37453,23108,11796,24141,31702,39202,14009,36993,25269,29424,15714,14098,10208,33932,15,14695,38375,34046,9435,27103,1636,20898,22717,26634,17266,12016,14627,33932,28855,25751,12070,31010,3933,5637,29195,11238,15141,23233,1526,16810,22449,24205,14341,11763,37634,25826,35116,36739,7746,38701,23667,18133,3411,38366,9998,16080,33040,6294,14139,13844,14828,38341,39946,14309,13239,28407,39825,13951,38437,1877,7102,30525,18912,6234,12542,27123,2075,4794,467,8233,26914,30361,31641,8064,29038,6596,38571,16985,25735,17965,32092,18406,3032,6989,37905,1713,12599,23798,37458,12110,18675,19979,174,20364,18264,16824,26548,23039,8435,35851,16383,34615,27332,10977,14191,14736,25780,10045,29078,33935,14505,18629,39977,12921,14198,38759,8960,25212,30102,31136,30163,19897,13988,3993,13485,12059,32325,6535,28122,18912,21807,4764,6033,34780,15064,37443,29620,9897,39129,25076,17831,25491,30731,8462,14056,32736,31870,1657,16020,15391,14606,15959,18760,12238,4409,37742,24634,20316,28652,2464,23460,28774,29972,14358,38035,37685,13169,11274,32963,25200,35444,31994,7023,34451,34473,36359,20264,3743,19216,4851,35241,34016,25970,5205,23312,3136,15270,37912,20607,28702,38601,24131,30878,3500,5351,30649,27441,14493,36740,15052,14663,24118,8674,17381,32122,36122,8214,15300,12314,26751,9622,13502,27485,15825,17791,18704,10648,966,4519,9364,21013,18671,31014,6974,31159,2973,1053,22060,886,9486,6800,33384,3303,11312,18254,6937,4058,18651,29233,24109,28420,31376,14114,29265,9996,32022,2094,15301,27288,19343,2150,12823,13100,6403,18746,9854,35886,2888,27011,27552,20240,23624,10728,25516,30310,6753,14938,2715,27660,28344,26248,1071,2282,30056,10958,23444,39369,33246,24461,22560,10954,1865,27862,7539,26652,28876,29822,7078,5395,28119,14095,37313,23155,22423,32874,39518,25024,10134,24250,28668,16936,29047,18319,26773,27318,18224,270,12485,11213,5713,7528,36594,5699,14865,18043,3667,26908,2571,25903,31776,28322,5890,2696,23181,28842,24600,24341,29012,7899,9895,23489,9165,10321,9928,19317,35996,26532,34878,14009,24854,16146,23304,12250,7740,26089,37823,11973,27298,17654,19016,11007,17516,14915,22066,24103,6480,31853,25201,28023,17126,16708,5964,37087,26768,16201,21098,10574,12300,1385,20797,22803,8765,29929,27525,24660,203,20128,29456,18563,8994,4551,19682,15659,34359,7066,30289,10605,22199,36676,1726,7091,13976,26664,29222,52,26160,27606,20271,15703,36827,19871,9423,33844,32799,6102,25117,10384,2364,6388,6059,10490,3666,28429,24490,37807,7531,17967,17191,18703,33867,36303,37084,14343,38954,5601,24114,9187,11004,18929,11235,11023,26432,5424,3160,11031,17002,6021,7887,28366,38406,17049,6150,23392,35486,14381,17760,24158,36136,19621,4935,39639,31172,26340,36143,15694,12882,24951,9059,671,18381,12082,24333,26763,36546,29782,35705,2190,30369,13873,7131,7693,25879,22631,11775,34224,8019,8578,21927,23737,4388,15192,16575,16775,9464,35959,11528,3692,4318,27300,1262,19625,10419,6714,19425,23169,18516,19616,16058,8842,3234,5344,4434,26458,21906,35051,23404,34558,10232,8633,20213,33616,4753,38337,39446,5363,33776,38610,37556,21560,20218,39917,39366,11890,22976,35912,19077,37224,34212,16740,32303,5850,21746,4863,1259,16444,25561,21205,20788,17478,32049,18020,34021,21949,6504,6005,39614,31743,1409,24176,11183,10639,6087,18497,36238,20108,38519,23623,19858,31922,21828,21357,11500,9806,13824,19591,3266,20392,16309,25658,4985,7857,23103,19656,15701,37886,32420,25138,31514,18503,5095,30798,5048,21720,32123,10919,35737,35911,37873,5441,23803,4484,21607,635,36485,16092,19311,22244,28961,16462,27339,6814,9293,24509,18990,1535,38718,2142,16121,24577,2157,4243,22061,4038,15882,18426,26372,34911,29592,5503,23037,22005,33780,5320,31964,36307,15643,26731,27366,20398,23246,34607,3149,25618,33816,20861,31236,5118,25238,17406,2283,8813,699,6482,39501,1468,32404,27471,25887,21341,2689,14180,8183,83,21584,18079,33765,5969,34460,14969,829,20116,15872,19072,17088,2127,39021,18406,15596,24890,3854,4330,7295,18674,38493,24913,937,36427,18112,34477,6791,16132,8809,34572,30680,7367,2926,25355,7960,16347,11172,25829,13509,32830,3785,3859,10874,27401,4415,6957,27741,10976,3954,30197,25051,8984,29195,15784,21232,18825,14113,18899,19555,3243,19892,29454,5377,17021,16809,27904,6984,29533,7851,34937,9217,3900,1939,3871,23887,8342,22903,27027,31950,11771,22019,10401,16333,14686,30063,4890,1024,27756,22803,7717,34739,13066,8733,9486,6168,12696,37466,20273,2677,35903,2053,7586,18467,5907,5633,25987,1761,9398,8853,20872,1167,37227,19423,14816,37567,25520,10086,840,6873,39173,24271,5841,30604,856,17254,12171,32702,37065,2008,36699,1261,5053,887,23349,9094,18245,34325,24175,10174,21054,9878,6231,25725,6311,26342,10244,15866,13222,28110,23643,20529,33731,25190,19331,27288,14444,32699,30336,39582,26817,7905,30337,31669,37701,19373,6134,26,5496,15900,39281,25705,20445,547,880,1492,31912,1187,33209,25254,18516,25631,33416,31974,3925,3538,1798,21522,10204,1820,18524,30659,36726,20507,12874,12465,24174,2666,26435,11405,11088,9671,22798,12592,11468,28806,15131,6860,33385,12090,27499,2080,37466,37030,22956,24198,36553,30657,39462,16064,18963,20733,2323,11947,32225,10960,24475,3591,25826,28154,16011,21256,650,17638,3636,29063,35785,3191,27699,39796,8573,34493,475,20387,33037,3540,39011,9265,11693,26229,18920,10732,25628,26721,28683,27504,6845,8140,959,22962,12830,15628,15729,16670,19380,7618,12034,9553,2151,8104,117,35779,35289,11664,4448,36249,35357,1359,35592,27506,23432,27255,9226,16648,7109,11781,27598,29550,6047,9799,6701,5074,5975,34912,37113,21527,30007,20957,20362,16030,36896,37502,35803,39926,3841,38468,26002,12970,17031,11022,11940,930,29579,3282,35107,16900,19588,9048,39815,35063,36096,36346,5371,3547,5291,18112,11890,13173,5042,34066,8630,19841,31551,27919,32909,456,22898,5416,4165,38179,3047,36596,4599,36340,34682,11710,14371,11128,27759,26024,2438,10496,23666,28852,13427,9997,18269,19463,7835,5989,12867,16560,30181,2075,7482,32192,4008,18488,12554,6890,14030,12948,27111,10499,34165,16943,5897,7969,32675,22505,33612,28157,29826,18227,39103,5855,36518,10367,9969,26264,37836,17770,6763,18818,29529,2234,10848,39401,28538,28840,19525,31549,36489,25912,33569,36460,39264,21729,31119,35187,39238,24484,12571,1385,2724,10021,5584,16209,7307,37038,17227,14297,16847,5563,38274,29084,34861,6870,2613,39169,37122,33145,39966,6050,7088,30534,3319,3215,24337,6030,24848,13848,34033,38411,34775,27800,20449,31620,6804,14095,39109,29941,36388,32172,33192,18513,38297,29177,15008,1233,30558,13456,35339,4646,27775,23433,33848,6350,9541,11125,12038,39094,4457,9656,8238,17235,13435,18781,8942,11033,10377,33322,38139,17271,26515,15067,31547,22123,21744,16505,1853,975,31052,37645,17352,18324,20209,4569,31418,16124,32040,3021,22225,13675,16352,28799,14042,35190,22821,1857,33219,16668,13653,9419,27639,35808,19484,11866,36883,12683,33207,33952,33395,499,1065,19381,32192,37430,31059,18255,18343,2451,16569,22864,18022,38857,28456,25170,26598,20655,5290,13964,28896,3395,10801,34397,8683,33746,39371,32258,8494,18547,5610,30463,10814,33343,24543,11017,4688,22508,3251,17390,33102,14806,9251,8198,5148,2298,1363,3344,32266,511,32488,9765,8216,4482,12203,25569,30970,3501,31971,11677,17993,13829,8653,31628,21620,13054,29244,8342,13483,1370,16046,8234,6392,29319,187,33493,16488,36218,38472,37309,2173,14942,34774,18614,36863,31797,3399,20145,37633,32189,8056,37614,21950,26136,8289,1858,17493,1522,37759,31064,1097,19206,27924,15530,12714,19701,31380,7969,17215,16205,35513,35406,15525,2126,9938,15834,13897,33289,15422,12076,29399,19390,30133,9435,7747,36338,37142,15391,24081,8130,27877,38664,27411,19439,19599,5060,39966,16722,24708,22899,18867,19825,37194,8099,15931,30856,7582,4906,16254,37206,3986,4147,35433,7469,18086,26548,334,18064,7454,26149,16337,6443,29373,30496,16058,8301,2785,9326,33394,19851,38616,16218,12763,1897,5316,27993,9519,25926,29703,9329,39772,37607,21407,11016,10146,23177,30944,30480,22485,32811,35289,21010,34710,13361,16726,37336,31079,29966,26787,29511,20469,26616,39345,12101,38409,11252,10899,36048,18917,23327,22997,37714,31922,17137,3872,31818,34553,673,36368,32597,34105,20952,20433,22137,36753,3741,15673,29110,38568,137,7173,16676,33211,36227,30014,21260,4928,12627,24019,34259,9603,21661,35679,34410,34278,11808,13689,9872,3374,28226,25,22403,7221,4510,15274,2103,1389,19700,36393,34358,24050,28633,21384,15661,23397,33858,11703,25687,21274,11019,7054,16588,17984,32118,32562,35518,29655,12770,3060,26892,37308,37816,17156,34427,18720,21066,17032,16716,28384,23908,2311,27943,14664,20482,23941,18569,24605,30421,3112,20817,17873,15804,37295,21073,22832,37360,25684,24996,60,16282,29535,23955,4905,18162,2689,24842,6404,7763,28696,28994,10095,36261,12037,3490,31545,37383,21987,13853,6697,20141,15219,38179,1066,2415,7450,34613,36508,13462,36213,95,30947,7181,12598,2610,28457,15532,34332,8673,20574,24922,11556,3718,25122,34078,17259,19373,4099,24993,37191,747,31020,34480,10120,6297,2237,13616,9873,31006,332,31116,39199,28137,29418,15008,19105,19341,35945,4712,35586,17688,18536,9172,10774,17332,21951,32119,36515,32964,14352,16518,3418,16019,6875,28709,33589,3569,22456,8539,30959,24213,18403,1247,13061,8165,2471,36975,3253,7848,11768,17274,29648,4029,14959,31042,4009,39296,21083,18762,255,7593,6281,6919,32672,14986,8817,5919,9328,32099,19367,18862,1335,11175,1601,23372,14756,19836,20585,36904,9065,17425,29717,14734,28128,14102,38408,16987,28678,29394,19211,27263,14097,15828,3603,25112,18322,28391,14487,20781,5827,23662,7926,4532,15964,13157,15047,13205,23101,2620,39584,38812,36374,16725,8272,15239,32207,8763,24197,26116,35900,12097,23243,6296,12775,17250,27021,9816,28225,17024,9938,4358,35185,28678,33331,39983,38785,21743,37766,388,16666,20273,17322,16295,4532,16088,30271,19907,22643,20857,34921,29141,25105,5781,16621,23396,26585,10294,4959,33064,8835,19544,20149,4989,1862,12841,11531,23846,25525,24509,9762,36099,13611,13241,27730,36918,1778,33614,28761,3995,26429,20245,1624,10332,41,7098,24287,25359,36485,15268,33255,36723,9103,3885,35979,35131,37391,15171,7513,8848,35493,36907,18356,31363,18290,19787,9389,26076,33256,6629,29497,32421,28252,27759,3580,1267,25323,27563,30524,1196,3715,15567,16584,1612,24764,10386,11341,7766,160,370,19635,36459,3262,2007,30697,29910,35479,21354,29493,11721,16815,38456,5063,494,7112,13278,18730,720,33137,28397,3950,2729,7514,35648,28938,13398,19222,18803,30730,16169,37981,3292,15285,38212,29135,9395,25997,16228,31170,28480,29372,7191,37343,31853,39022,39339,9937,12092,14834,24219,7532,35423,35011,3590,8878,24344,18163,20872,14481,2898,38853,14085,36149,18852,4810,29598,11149,8027,34893,28697,7198,11874,5018,12072,480,27524,29397,36007,11636,20638,21262,11864,38990,19541,23812,8336,13880,7679,32650,34427,27060,11975,9892,29590,20681,20225,12942,15675,4396,12474,26901,30791,33986,9921,35126,28496,36133,15052,36109,20526,6180,10613,3436,24617,30432,3856,19789,28498,23960,26758,28690,11137,37833,1615,382,10246,24209,19886,25547,34002,37289,2086,35785,28611,6250,18953,27358,25764,22612,26949,10494,27047,28707,2666,10925,28268,33838,34247,33345,33607,2425,13664,9554,19989,2085,38698,39440,20309,35306,22524,31929,3856,37395,35353,18711,33592,12951,29908,39124,30787,38837,28169,30604,32321,62,32875,26896,35606,3272,24037,18184,29674,4992,29443,23513,6032,20800,12697,1555,3727,24114,29221,21195,14009,16133,15027,31753,4948,24804,15162,13299,23465,4832,37205,39086,26264,13566,31812,21227,23214,14021,15189,20758,36694,9767,10469,31876,10630,13055,53,18018,23546,24816,29330,8688,39487,26274,31521,15417,19117,28720,10862,11209,30298,36098,11427,2941,20413,28073,36302,25678,15945,38576,23517,18773,19950,8004,39055,25400,2730,35203,20205,26152,25909,5876,19696,12290,20484,24284,9330,22486,23059,23106,31968,34133,7080,27774,28594,33791,5461,36741,20804,22807,23787,35790,13499,32505,3755,35021,26481,23576,13353,26890,39538,20188,9946,6347,25348,15272,37352,38968,9564,21899,9776,32583,34186,34230,23076,1712,13783,21031,25512,1776,2659,31819,15787,22575,450,24046,8684,39988,35875,20069,19853,33441,2351,36249,34091,15382,10237,20382,35965,10897,11357,11806,20510,35636,33968,36352,15529,4107,13396,28525,36785,30871,21232,3839,1550,31574,30387,5162,14147,17144,11031,6741,10924,15608,12678,17317,26471,5932,15119,11248,7741,4872,39851,7245,416,31407,32383,14158,3357,35000,14683,30593,3209,16414,3452,678,27253,18445,18791,10069,1653,16795,6981,16993,10522,6148,14302,6018,29226,29027,12239,13947,32881,36460,24127,3597,9423,12816,36331,21945,34394,35513,27116,9791,15780,28125,4716,36749,18351,10429,29311,14944,15470,15718,10919,23146,32981,31128,2909,29603,5652,29782,29861,33354,24125,15312,2938,10084,29332,3127,26030,33645,26054,33960,16096,3980,7637,19873,24849,1701,1798,33416,22424,53,1161,34240,6212,19585,18769,4028,18464,1574,27053,15821,15379,19374,14986,31938,37920,14852,20147,6408,7492,15325,28057,28627,25452,9358,2840,27954,11410,17713,23929,2016,34577,21766,36975,35544,33991,20148,1262,12488,25347,37045,21234,11665,27501,37684,6973,36403,17723,25607,27030,20981,10253,28539,13674,34843,39092,5728,4665,9414,23716,5234,34873,20481,7362,7928,39416,15253,1787,7806,18023,4042,27101,21718,25205,26355,8500,1635,4257,17767,7609,21840,21186,3941,30217,14828,4989,17966,18746,18773,15232,32492,5821,30424,34134,29314,30514,35052,38957,29856,18752,9779,33177,37432,34910,15416,17579,4306,5124,12577,14756,38058,16458,17333,22152,23538,1832,20648,20395,31990,34786,12544,37174,29690,33785,9270,33055,28066,17311,18988,37984,18421,24404,13205,2056,17649,4518,31387,17372,25141,35641,9515,20552,3636,20123,23529,37981,39463,38272,24810,3301,32638,23921,31334,8267,36456,14705,29724,11679,22110,28861,30177,2428,33345,14220,34215,15145,18580,817,35494,21494,39754,36927,11533,26490,3227,33312,20525,39395,7888,13960,27433,37917,22644,39482,37275,26711,21772,22076,23070,22267,2869,35291,38140,7201,29078,23700,28039,4625,18296,35823,36202,14519,15279,13000,10785,31008,33372,39136,32072,39671,18313,32168,20946,1461,20182,23974,28617,22969,17682,33822,7164,30022,19231,9411,17736,17277,16742,21386,35500,34953,19609,33936,30168,31302,9738,21915,9409,30259,6891,32190,5096,2889,33559,8655,22662,8577,25026,16318,38720,24429,13090,13882,10536,2909,488,6496,17656,12526,35442,5458,33823,14927,28548,8497,19716,2672,3465,1720,12585,37357,34437,20398,21855,20664,23140,5963,34951,8626,5568,28419,14621,10282,16079,5211,21685,30945,38495,33931,6869,4214,34066,2115,13565,7683,35079,27199,32278,7678,14438,31849,17036,35985,16657,29921,6025,36601,11694,29352,27407,33349,22013,15070,36025,29925,30517,38247,21850,32549,2560,16777,37561,11975,18898,34470,16297,10782,33593,6238,21264,16780,6971,20222,38209,13752,37008,36039,19124,9210,4637,33292,30850,29987,9803,34005,12636,3799,24644,39081,14207,10826,39393,2447,3520,8290,22996,5076,1103,36139,11070,19262,39664,27510,37396,19742,33115,17913,26203,37260,37149,37145,29910,14789,25986,34749,32974,26312,11439,35511,16103,32405,24930,30877,34041,1588,25797,3543,5870,25279,17704,12954,8555,34517,16948,19637,21190,9740,2224,21833,23058,7915,36094,16598,19358,33086,17697,32250,39068,36736,26775,12594,23431,17810,22996,15455,29671,2294,6916,3764,13204,9473,17162,12563,31824,3714,37401,32705,19148,32055,776,31695,30647,11996,2502,36647,11296,24823,34554,30766,19654,8497,21178,1061,33809,16752,18184,6817,3588,34963,8709,13145,29205,34327,17620,21763,14788,24656,4460,7032,30837,13378,17507,16947,10450,26586,10255,21227,12101,22989,6394,23664,5452,37177,32615,5597,22962,31929,14236,27499,9990,31565,6651,34860,25408,36177,6292,28609,24260,12281,32645,5020,21371,2379,30535,2442,25409,37949,29757,14057,14852,30759,26605,34081,6768,9117,30762,37190,36659,17833,27324,9287,28134,12266,28578,32131,2682,23186,23337,8884,12508,16992,36173,24144,25966,31240,35085,31477,8076,32071,7198,24991,5040,4998,18896,33330,12874,38144,10219,211,19085,3471,36722,6049,12912,19883,39914,20577,31328,11071,1742,18666,15959,35801,27927,17753,7918,7710,33537,34664,17554,24556,10551,5334,15312,34609,23216,27011,32628,20168,23443,9498,4599,2183,11901,7325,31464,31812,14275,423,24289,24515,28642,18967,32085,10245,14450,20128,1658,21028,26062,29313,28641,33265,110,400,39123,12480,37117,22465,38913,3162,37940,3533,31705,15492,21854,12749,12110,5334,13538,3708,27096,39776,27796,3581,3314,19542,30036,28729,27661,16234,32008,8239,8262,4059,36858,23317,18405,19812,38676,2358,5271,25441,34047,16059,4564,29866,16820,39544,30786,4813,26520,20076,27753,10083,37729,17436,7239,2643,17846,18379,42,2935,19380,6960,12731,10358,27569,4660,31872,39251,17430,8344,16283,6463,22566,27260,28391,23533,24093,6252,35735,249,29662,2757,18423,19572,18185,380,32419,9504,31896,18699,31065,3959,28725,5500,23904,31981,10518,39364,36955,24484,11003,30016,29170,9074,4323,32360,11499,37492,12460,39626,15041,31248,27074,28434,34810,10339,16851,3045,2229,36164,3029,25231,38626,37438,17614,34540,15953,22731,38032,8814,22468,22187,27179,10819,34667,24311,1912,37989,5496,33278,15395,27889,35846,17265,30459,27511,17289,3203,10602,6188,39962,32619,35059,36564,33575,2441,34283,23877,16917,25243,32491,30283,31019,1893,9488,8660,6378,22946,8640,4793,30042,15342,33341,22287,26477,20933,4418,30778,12070,23298,26282,30771,21174,24032,33863,13543,13337,8153,36720,26939,38891,29900,35426,23787,34484,14532,37907,20718,12860,10012,21177,21055,2834,30767,31885,38130,10963,18401,10369,25650,25579,25560,19119,27132,17129,20590,18480,37453,34088,13615,146,28885,23446,9318,2154,10609,14669,1258,13809,11243,6709,17037,12778,34680,5761,13673,3694,36028,38942,14342,32643,4724,28562,21869,13708,16524,38518,11225,23387,13508,25260,969,14022,37352,7859,37418,37833,9410,6583,17136,19897,17786,35518,9315,38845,25749,29243,19583,35710,7018,14773,6477,11802,14385,28518,12159,34109,33366,27168,36946,31659,12524,24008,12603,8674,29069,28501,10587,26924,1837,545,1239,26922,14991,1970,37862,1250,9100,7416,4603,32108,26556,36627,32413,313,15831,37490,18691,29355,1460,25411,16725,30958,22515,27951,39630,4003,28101,38728,13859,26525,37913,1302,36347,37313,3246,2710,28226,8374,33210,21019,27963,28504,5033,30050,37686,34013,38758,37024,18468,2295,25661,8424,26991,20079,27905,34564,31766,24377,14529,3528,35235,37603,38211,11667,23445,34025,17291,7755,14494,30496,1441,31687,34604,28476,14746,25115,5208,8568,38353,4218,24270,29349,1200,1389,27725,4117,8357,5409,8471,20696,18926,19615,27700,1037,13215,6121,14583,33896,27743,5537,20908,13642,22691,13160,28341,13937,30883,22967,25808,32257,30324,5762,13323,3604,38116,37,16662,35748,20340,19068,23247,10312,1674,35269,1905,12783,22080,21339,22231,17155,16359,2870,29587,10378,20198,26722,21511,2756,26033,3674,23373,14113,20432,4578,4057,13880,28294,14307,33038,6093,3637,30752,21438,16558,11587,21393,2907,6581,8717,23762,7496,1361,14793,11481,6920,29425,31567,14880,26455,5600,286,32463,3487,7965,15487,32271,17642,39798,28972,6974,32443,39893,39953,37254,26033,15827,21912,2254,19235,13219,29340,36528,27396,32503,10147,8526,10414,20416,13912,36680,33368,6466,29094,37148,32522,9472,1789,9308,28649,27118,22334,21746,7832,33810,4849,6857,28499,9349,34292,20035,14877,36630,33437,26140,19189,30430,25694,24421,31188,16372,12004,1179,47,35485,11898,35924,33473,10469,17772,14056,15209,23750,10381,2188,19358,4694,25879,6780,13143,8117,29223,11952,22014,7167,2480,18676,10324,3516,27349,17076,18284,14333,31445,25491,26791,19787,26490,31767,7028,31595,31354,17931,31545,35901,39997,25832,19751,73,7609,35578,17963,29701,29063,33652,35808,15470,5987,38970,249,28752,28633,16064,12279,17853,482,26329,20572,17288,20800,6082,2678,28422,28455,14862,18169,37913,142,14231,18721,4785,14833,166,12904,25078,25498,18196,4180,6532,15453,14581,18627,44,7622,648,2074,25435,11548,8177,27181,33065,31841,3948,37311,1569,5576,26344,4100,35640,28516,12979,29504,23243,103,22049,8546,39786,15072,26358,31595,32232,37502,38529,27488,36195,17163,37802,35543,26254,36850,9977,2814,1660,3715,9778,8476,21403,10290,22145,26268,3462,23889,3377,6937,17515,14197,6424,12208,24510,28394,31813,12138,18663,11766,804,2454,6567,7284,17208,12787,38208,28267,31221,35488,9765,10552,21811,5235,26307,39184,12009,4374,31315,8624,4246,7962,10668,18527,33095,34090,20867,19953,32699,37912,458,36225,693,28016,24051,24383,34510,11634,32723,11867,36784,30276,22171,12185,31674,11867,27211,27744,22021,26378,39152,2789,31469,22886,19579,11774,26137,34170,23179,20842,19874,15933,4248,19259,21586,4671,15694,24853,32465,9785,36923,29103,27494,38589,36837,22393,12933,6663,21794,26745,35365,9972,36303,11664,19268,19313,19632,11523,1128,10755,36800,16127,17819,34018,37908,12674,1214,16949,31632,9090,18359,23714,38176,16570,26446,2323,6715,36371,2567,17323,6333,23388,37890,32571,978,20398,9813,34162,31955,4672,30817,5322,12410,3022,21534,16045,38887,13265,23108,4807,7886,37828,7506,1748,36274,16464,33257,33373,22761,5111,17875,16840,13740,3568,12958,29732,6220,29378,19717,12839,17976,11921,18841,3098,12318,32936,4957,7009,3048,20468,25328,39642,14979,19402,31026,13861,14115,7510,14344,14710,39567,26764,8675,34817,18292,31566,35745,8515,9080,23705,31270,9727,7309,17381,3234,26097,19919,33987,118,19090,8610,21030,7169,37290,4665,20588,17562,38199,36437,9652,9705,36521,11816,19023,39096,2490,3880,19603,35052,34344,21457,14518,7392,37936,29919,5993,27454,17858,389,27397,21475,32727,9097,7966,23711,28793,33910,24507,7580,9633,25301,3437,33497,35594,3309,5702,28807,16876,17620,37407,3192,38712,38021,22652,5901,24925,3159,30754,14519,20571,7646,25255,39406,13562,25777,23161,8813,6100,5925,8778,34677,5244,22512,23552,32701,31817,11741,22757,4690,17293,34727,31532,4689,28363,33924,3565,2866,11925,4154,16017,33947,2134,21836,16863,32589,33478,7110,37933,35752,31950,18887,12354,36133,16856,36147,19470,27397,20338,6181,26500,23274,34757,25516,37502,16472,4290,1304,2019,37410,11413,199,29982,37900,12563,7536,18765,35024,26115,36477,9591,27752,7351,284,10266,17637,20065,4276,18984,38325,22874,20066,31985,10501,11314,23410,25977,28737,38309,19883,15616,38420,9504,18706,23758,18508,10236,2074,11827,31828,10501,7634,24778,27967,26725,16756,5942,34305,27504,32554,30470,36134,28225,18832,19244,18056,18628,11690,15904,8659,9353,35862,17552,21776,3552,33158,30319,38781,27654,20550,20971,8790,9914,20896,23210,30523,14992,33736,35247,23666,12882,13853,11063,10358,9546,17140,2882,6925,33236,31413,35958,32941,34595,10623,7997,28076,5717,19337,21081,38827,18077,12872,17821,11056,33808,962,10187,1690,19237,27559,6832,34730,6255,14019,18870,2649,22668,34267,13546,30730,5200,26779,37467,34041,26326,20367,9791,15461,1823,4151,1127,24868,9319,39326,8704,36891,18449,36977,26453,35489,2114,2450,6285,37165,6743,2301,38814,2965,26539,29992,35241,20597,37391,31538,29670,4163,9304,22619,37240,18504,25766,22914,25049,13441,39424,23301,23946,24612,18023,3938,29136,17874,12195,31015,29121,8430,34893,21101,29593,29980,32763,6272,27788,32576,15177,24877,12330,10879,24535,26266,809,28651,8877,12800,38175,27350,4991,31144,9634,21844,31659,14629,16106,19655,30505,21010,6056,9750,23562,17291,20396,18029,17144,31281,26348,34800,8915,36183,746,16065,34807,34789,14041,38842,36554,21864,15785,20750,17525,14457,3383,5552,2951,2589,13852,11394,38725,13270,2768,5058,25511,5261,25647,10805,16426,37835,13100,25170,12030,22628,8680,12853,21823,24763,37138,19949,35709,7461,28474,5643,29538,1536,21300,39877,1914,5296,39122,27872,36924,12747,9929,38313,29368,14679,1270,267,37347,14976,20280,103,29741,4346,33128,21230,39262,29600,13901,3573,16298,17394,30697,8913,14291,7818,35765,18642,708,29745,9354,15105,11873,23864,28769,39937,10106,38735,15426,8854,9954,8398,8127,31380,977,27735,34962,7405,9387,2820,17417,4815,20752,33678,12157,1006,17971,28159,37993,38416,27379,22299,19696,27746,25553,34070,14372,39633,33658,28624,29680,647,14948,13300,32165,26304,30692,24612,17081,23560,25238,16496,9050,34755,11371,13293,27995,20920,22702,33147,32992,25256,17652,13088,7510,32718,12204,22200,13041,25190,32426,36299,23293,22538,8606,2114,29126,4950,36707,24957,7307,664,8987,16290,10170,9721,13561,23697,31499,14407,38658,14614,32566,12810,12986,29709,36808,15516,16817,39978,11858,26948,33837,21832,25257,26958,37269,17714,17555,9683,22180,27928,7263,23433,11690,23684,35064,10506,18680,20589,4083,37439,4862,36830,20224,2540,6722,13869,24940,27274,35317,26986,5118,31844,5098,31621,16688,9891,2492,26649,555,29977,28348,1365,21787,29764,32337,5519,25820,14239,31661,25815,14264,21056,29472,17838,1722,20020,9283,15893,25559,27692,30194,34213,38249,8503,29389,10563,33703,17465,2490,31476,5326,14480,6576,17676,19186,21133,589,29239,34511,39930,2202,5102,20953,4969,38944,16127,19879,4575,36297,24510,24460,39393,12567,31808,35160,8920,19479,8936,15841,21731,38373,25941,18942,35783,24069,3444,36813,19548,39205,21100,17948,16662,22102,14611,2849,26544,18417,22130,31755,24711,8717,32995,38973,16883,31060,32342,10982,20075,24361,9897,32337,18404,11023,28290,6172,15075,4316,19727,3736,11281,6814,22153,21089,13659,16711,15795,26985,33777,9585,22608,29919,7769,34185,26266,27851,10363,39750,14355,10129,5516,29773,39378,17055,2681,10068,16153,14348,28547,6626,11065,6344,24486,12237,37411,6818,27839,21454,22836,27347,7791,31319,13858,10975,33564,9397,15517,5833,22347,23076,38216,19912,39404,28250,38582,19959,3019,27543,28659,25018,10647,26207,21293,20292,32106,27659,34384,39277,30974,6543,30024,33457,27574,4224,140,1972,13971,32820,10773,9906,19397,22935,1891,22951,21329,2917,9727,5404,17731,25387,34519,33529,21985,28353,30364,21951,30363,12883,2428,10711,16642,7268,4538,4297,38226,20730,21775,599,13405,19247,3908,34362,2697,1346,23338,6754,31292,25405,31862,30774,39938,20235,20995,36003,21504,31619,20349,37234,20409,37976,17607,18818,7865,9010,9427,39806,10331,19318,36376,20728,3725,12834,21884,12101,1452,9169,31388,11052,27183,34205,8567,38793,1360,15643,8861,35540,12248,35570,32631,6365,25168,28382,11322,19674,4921,20875,3892,12917,38767,26925,20506,33884,36955,15969,30753,37261,7461,11494,36236,5400,33868,22654,33246,34064,36253,1436,25611,34338,36927,9067,25866,13046,4699,20978,32149,33201,6266,4770,4138,9644,6915,19075,14052,23642,6018,25262,21027,18084,11773,6333,6558,4212,17753,19131,31316,11580,22758,11677,29867,15504,34657,38475,18898,8786,2727,11479,21318,32917,24469,16630,18122,11220,31484,17641,3574,29795,13739,17923,35276,26937,23423,22275,18379,21629,5259,27183,6414,23482,6196,36536,2255,26396,38737,30917,7104,10715,4638,4182,10750,1716,4494,380,7476,16972,25617,32878,25959,39414,39459,37802,19310,3212,2710,18297,38772,29208,30476,20647,1559,33785,12423,17660,18318,31521,21415,34679,21313,22719,7205,9681,19676,16072,22504,15071,36885,31181,39427,6917,28626,7813,890,10941,19476,23819,5870,14256,33123,22496,30768,16140,110,12081,3506,22020,12295,22249,26168,15830,31411,22346,9803,187,15042,4047,32698,7118,14116,27341,26067,563,15527,28911,17366,1372,39709,17153,20946,15963,32599,20006,27239,34412,14614,19667,30555,22323,27363,1646,27495,3474,28587,7386,28313,29169,15176,20949,34691,9720,8523,39094,27231,37692,9490,12812,30007,18612,4759,39056,36726,29545,18754,29725,24677,11127,36442,6296,35727,31089,22079,26289,37976,31206,20383,19556,19399,29990,8525,29034,16437,36609,14750,22910,28013,35347,17444,17187,36612,23674,28339,9427,37813,20292,30437,21458,36615,14984,19701,19890,391,89,13629,9988,15881,29075,13185,28371,36017,18136,9331,6862,3531,37505,6175,38390,3675,32443,17226,16953,6484,16248,22032,32555,26119,740,36479,23768,19845,5747,30776,5850,14684,23577,33701,12202,16899,16614,12142,32264,10313,19277,28478,2611,17287,21859,5996,22917,33981,31010,3522,2785,6089,30343,23728,9752,19690,9242,19723,33903,7415,24523,23733,31157,38060,16580,39232,33388,39819,12374,22628,4078,19914,30564,12668,15749,21708,24936,35552,11540,32264,33119,28843,31889,675,38066,14017,28767,4956,25803,25017,4028,12715,29595,34383,30735,17274,15396,32717,38656,16234,8585,26029,22859,7346,8624,21609,21766,26066,21761,11742,33176,28186,20643,6063,24181,19781,17531,12501,6263,782,27638,32956,1443,36589,18572,7218,11724,24133,6281,27097,23429,38447,7786,35914,13744,34329,3168,35047,9608,2447,29866,3489,21183,22860,22627,21029,29567,35490,35788,19077,19903,26821,38821,14764,16735,35218,22196,1861,4983,2037,1832,8302,393,22672,3133,27560,14480,34651,20786,897,26386,16477,9979,39062,20983,28727,18971,17339,16089,15083,31207,12034,32893,20236,29645,34139,21034,3632,25441,38920,7020,32688,33981,31506,35197,15637,4559,37428,9068,10811,10939,4608,3651,32385,11465,4939,25125,21316,16172,14182,20748,18022,9583,8098,10395,4406,29690,29452,25636,31959,33730,15309,29318,26778,14981,32341,16613,27828,27374,16389,37015,34951,2222,14176,13429,38154,13037,11583,28830,13736,7255,3358,35264,23656,11042,7807,17544,31699,17892,22463,16322,35148,2257,26441,38156,13273,22873,10162,15393,32246,34581,30171,35616,21223,38026,25153,7917,34098,21998,5192,33622,14445,20550,22908,4994,38014,31624,14147,13573,15853,28162,20206,14165,33350,32017,23211,35277,5757,21397,33828,27459,9488,3830,19475,22209,18850,28729,20829,33913,11712,10707,15974,30451,39564,20270,23866,16328,17929,25807,30900,36529,30077,17860,940,14478,27076,19117,25668,36278,21826,27592,35289,3532,3566,35836,8717,9246,10376,32238,5223,9395,20037,32702,30090,29941,31123,32566,11740,6686,30547,35217,13029,33853,37867,25905,35396,2562,1701,27560,10438,4451,33237,4506,18973,12985,33889,30378,31829,3729,12668,18438,3625,19311,16735,21464,2295,36266,8661,13017,33955,18225,27288,27551,28028,23171,1227,1052,35265,8864,14509,34934,68,27154,31037,21098,8947,21794,20861,17057,1959,27444,5476,20104,32167,32276,17345,7429,24254,32644,29784,30191,13512,39452,26110,36300,20727,26535,16895,3743,28085,17961,29136,12937,27277,25937,24165,17135,32341,14270,3601,4151,2209,10547,22350,16901,4246,1016,9254,5211,12353,35843,21646,31574,26080,36362,32306,7671,21290,34227,23058,20343,2088,340,24571,36512,22074,10096,8097,19823,38933,33211,30630,26309,24246,8347,34035,13955,31651,20229,39056,26003,7894,36094,38286,21510,15202,37584,9726,38243,16273,2229,22385,24422,1108,23160,22429,9779,39080,27886,24566,18199,1323,10165,34863,35890,39800,19345,25581,12603,7551,14200,27745,38293,20036,14962,39615,9174,15185,22023,21231,1990,26417,13082,31978,11933,4142,34362,11533,18015,4387,11134,23753,18,37984,21329,30266,32592,27460,16190,7165,29691,36143,13140,6912,4369,16407,13446,7885,26561,24584,26370,35831,25193,7889,15668,13308,24260,21944,17557,4183,35966,12568,39692,20222,31357,24094,9748,3181,12114,23559,13006,21095,35174,23591,14441,7738,9186,8201,8677,36052,17304,103,1528,23273,11908,33224,7459,11177,34394,36706,12322,39483,14906,3054,33890,30839,22249,18095,24990,24912,27869,9894,28110,36724,11557,20230,4653,37685,11059,35890,23425,4113,35827,34195,14494,37173,31096,14614,6348,8944,21267,2843,20655,2944,33968,30242,5999,39822,24947,27059,16777,36245,15736,30967,9188,9602,5225,38521,36834,33389,28672,12145,38332,15227,31838,6302,4059,33050,13825,464,20173,20025,28943,24179,37254,31673,19308,39665,11621,29416,15664,16203,17305,3973,16157,26399,25200,35827,22848,3343,18912,2311,4013,32266,28898,30422,23936,6960,5827,31315,31440,29927,14873,10571,10224,27032,3950,34356,17980,36729,18280,15917,6538,35845,8279,22037,19139,26642,36152,21188,8929,31616,14950,27031,12192,37113,11660,2182,30372,31561,36225,17255,27051,9596,7967,25196,30219,22393,26704,4792,13354,39132,15786,16856,30220,12400,19670,1182,16135,13164,16158,13035,15486,16855,37142,2295,32023,10994,9776,10017,26254,24897,29763,10457,15046,18012,7642,2055,2610,38133,9510,8458,22416,21970,16794,22260,24742,566,28870,27981,21469,25590,39164,30812,29698,34156,33565,34572,17284,18182,24329,6025,10394,12196,29182,22179,9163,29305,2768,23683,13045,38942,23980,29069,15385,26695,27345,8401,37299,39769,11483,17975,28521,20885,35867,27093,22345,10579,12234,16224,34612,19898,4766,17355,23651,14683,18214,35488,10825,2408,14342,3388,7432,4623,17672,3401,29061,11378,13454,29129,28823,19669,1419,27894,28963,8441,32438,33264,13282,26060,21477,17473,33428,35355,17963,31555,4946,24783,23565,16377,28649,31219,17969,6816,26596,2393,31687,29748,14847,30882,27831,6730,19866,26088,29892,38499,37024,18527,17150,23794,30151,17965,4565,13706,22752,28280,1569,2206,701,15933,34559,13874,36816,33912,21934,4072,18430,18665,17547,29505,28052,4927,32655,5994,24876,4225,3297,25479,19774,7871,20783,18463,5900,32973,27841,4649,35233,26625,6547,7403,3311,6949,9987,20691,37650,25593,12139,20383,31999,14769,16139,38031,26381,32506,25715,5164,5,32310,20235,1371,5108,29580,33252,15599,34365,10110,26713,4709,37469,2663,20568,31670,15998,17304,34495,19832,30707,6151,29168,29109,18860,32297,133,6721,17852,11211,21981,7973,831,4652,19474,10052,27523,8352,33878,30068,30299,22688,4498,12919,32894,31195,2913,35427,2058,22017,25557,30061,24088,15666,1005,21315,1484,33116,7070,216,10003,34385,4476,24754,9102,31585,10640,36662,1102,29071,13135,13892,37495,32126,12372,36951,35213,37755,8863,22791,24934,11375,28916,4631,28333,3846,20638,18209,7810,15555,1082,15963,37166,23463,23888,13080,21865,9860,20060,23351,33188,20209,28447,25169,6217,37089,16985,7822,33103,16788,28271,34236,28586,19086,23165,22117,19112,2042,25220,39831,11941,15101,27567,23234,19246,28208,3449,6682,34948,33897,13037,13984,35998,34774,8855,37597,15019,23490,2978,39752,11025,4687,34415,35666,7538,35506,19172,33027,33026,6751,35850,19326,16488,20271,1228,1216,38495,38389,37103,23594,12694,35867,18915,7967,28774,16999,1146,17931,2656,39714,27281,27597,32447,33462,6011,21615,20046,22037,10161,7834,25692,31842,4882,32396,27735,9002,11350,31906,25002,19359,27584,37966,30739,7346,33817,37332,25004,24580,4714,5756,28322,340,35885,28254,4954,25727,27907,28155,24199,32716,2940,12785,31358,19177,8559,30336,4319,1134,30031,27204,14905,9226,37786,14802,33931,5645,664,39754,7739,34475,18229,4656,23523,33284,758,29972,33765,1557,32689,10923,39179,25151,27603,22498,16954,12144,17899,7458,19160,1694,33898,36736,37784,38442,4510,4045,23000,19902,33670,13322,13718,226,35158,30603,25615,8525,35581,1613,7602,11360,12627,37621,38388,6059,14952,952,29082,23308,28315,5033,302,12565,19825,34087,36259,36562,18939,1437,33232,33306,21570,29979,35888,24259,21401,11279,15064,10816,10119,15079,21208,13856,28830,34195,13215,8800,29272,16688,12531,38139,37108,38886,34641,25045,17970,2927,39176,31912,9125,27477,7495,32587,18502,24759,4014,14094,21016,37952,19480,29420,12360,17530,11351,14344,39704,2573,26917,13826,38038,33075,19359,11749,8030,28881,22034,10769,13649,22552,10082,7716,35704,15388,14199,1467,29177,39155,14780,24479,19929,13763,18211,25999,30378,32180,14948,26260,28539,2437,8397,34417,5858,12013,22398,39936,20758,35808,11072,36341,6827,12200,33554,36388,7723,38797,34819,17232,36975,22746,29498,15464,14954,7158,4853,16393,22038,25215,34458,18507,18169,10484,4068,31137,9938,8341,4485,32008,9220,21825,22591,35243,35968,16223,432,32831,10382,5383,4021,24977,24376,33328,4931,23073,10810,35647,26005,33565,18399,20712,13726,8217,8814,29951,15160,38431,32662,12790,36681,7697,10908,29216,25881,807,36600,32531,24051,15914,4348,34125,37988,26465,3992,27854,5619,30290,15187,13444,39054,3516,10581,1052,38896,26535,23633,22124,32077,38592,32084,6988,11120,26346,34054,31061,14389,3993,18833,5538,24761,33593,37109,21723,17939,38718,30690,8538,17868,24976,33136,13665,19536,29387,24823,35286,8344,17040,25956,35471,10911,27158,28912,9678,12350,11166,9920,36844,5920,3127,17504,2571,27081,7893,1552,23087,26213,5018,24418,9104,26222,33197,10465,37359,34536,5885,18102,28469,21146,34402,225,31894,19220,22780,9550,6233,33639,19607,12682,31219,15021,14930,2651,22564,30000,28130,18437,7333,15502,32737,7072,20851,16942,28910,24863,1116,7608,18153,5504,13083,30719,29391,32004,20103,29406,594,5527,37098,31896,39305,35282,26391,30921,9211,18854,33324,30061,16218,2661,5700,19306,38961,26051,7575,31155,9241,22243,23842,16614,21125,13384,16673,6998,8641,3550,3543,27443,34645,7943,23355,19751,33841,30315,24606,37440,3264,23608,25305,6925,32400,20885,16733,5146,6184,15363,18511,25425,25923,28918,35077,29470,33827,38768,10362,30793,18369,3476,12553,21853,27293,38942,36620,23896,32031,11378,27482,17172,3657,7517,27306,15814,38057,31393,24924,39922,3817,36498,830,37595,33570,8226,28256,22683,34603,10899,37293,32784,10886,6250,11593,21824,34194,13914,39617,2754,6737,28329,35452,36589,29741,30261,24645,36341,15730,9488,18067,16810,35461,20369,30690,13482,5413,25579,868,7331,20671,27334,32394,35210,12763,27459,16867,26406,13384,18151,3942,20475,1073,3089,13484,26266,23280,39173,38505,13069,27392,927,34283,15553,2923,30029,6594,34750,4686,18005,14767,31555,910,15002,18317,11079,22117,28015,35541,9813,295,30442,25868,14424,10419,35365,14902,18611,5984,10757,4713,14792,28801,7709,6528,9904,16850,30006,11009,32372,3811,27173,9808,3871,3141,26237,24589,25714,8001,12197,10206,1369,2920,33058,34721,28945,21851,7538,2843,1504,32955,18653,8857,9397,35847,15004,6016,37312,7733,23779,32460,21686,17743,36081,31731,30974,28188,38511,3422,18689,4199,10851,7043,5392,30884,36606,4293,19719,32059,21875,9368,8271,11500,13029,12090,25234,1167,7125,13261,11011,15507,6833,12477,26823,38766,14978,34649,24733,4104,14106,26008,27469,39887,23309,12354,19765,5358,15144,17869,13344,27714,1185,16085,1648,39769,4319,21020,197,3357,22607,2664,30714,15078,4868,36884,8229,5090,5292,10668,38621,10155,35417,4527,23432,4100,33399,30602,3624,11949,8701,9221,13180,29966,31907,8673,6562,20967,17093,1090,13633,27624,37453,37954,25418,15038,13163,28414,37522,28809,3127,27951,33778,9819,3938,20736,7206,18581,3737,27993,32594,35915,26149,18023,39279,19679,22768,11970,7956,2161,37153,39456,22377,20207,37952,4718,6877,12463,35801,37010,11770,37563,24660,8987,10598,29952,34138,28585,6906,21704,22622,6429,38743,3655,8192,18126,7007,31061,14272,6286,3356,39367,14777,35820,7252,32185,7140,21302,16260,16304,26986,27004,25124,3684,29575,1679,2366,35194,1266,33162,2713,23692,29778,9421,7734,24677,10347,24129,14209,31381,1294,11632,6493,9566,29442,33380,38258,34084,11336,26541,35634,23811,12930,28430,29544,22681,8716,38116,22853,16087,5325,23810,30668,33130,11444,22552,13347,39669,20964,16817,37748,7477,630,35713,26347,28909,3702,11095,11192,12840,9358,2616,22385,6405,39964,23541,183,38391,12120,27415,11935,39667,9602,22069,3804,1617,3000,852,38399,20532,1876,11961,22304,6914,37379,24127,10785,21604,20191,17239,27005,20604,7654,36065,32058,25582,23468,4730,12369,29077,34372,17101,18545,11254,23057,20333,26268,17909,3677,15419,35453,21304,37933,34899,34389,27875,32694,27425,29664,23240,16388,14636,8534,17822,26657,36302,1343,33019,38264,35548,17530,21145,29449,5141,10344,8920,2905,36974,9137,22460,16628,2789,37706,28747,34907,871,27584,27996,16134,33784,31840,14690,6779,1236,28346,14832,35130,6694,22755,28609,27703,13895,29443,20502,7188,22714,39506,15058,13325,38285,38274,6837,37197,27117,37217,37113,8602,6148,3680,536,27525,22441,38966,5295,12265,17509,10800,6388,9723,27973,26479,25511,9204,30865,39798,11544,23457,8297,24152,28087,39197,17449,39749,8084,33286,14630,31891,2435,18771,26573,25735,3963,7000,23306,10784,21211,21196,1387,29059,19533,8990,27686,22802,35948,8912,27650,29270,28346,7547,2609,39316,32027,28608,8066,17658,24287,33945,11492,16520,36049,27353,29826,444,19265,21787,17210,955,8190,34835,21385,10702,16229,31349,9737,28767,33252,25946,11627,15752,38436,28745,30563,4531,14998,39324,8069,37113,39843,27999,7941,23585,37986,36749,32908,13744,29670,15049,37554,19455,980,26172,15714,19386,9920,27980,35360,27153,2102,31910,12566,11327,21709,6161,27009,39716,29559,18170,22656,39333,7289,37806,25520,35029,1660,20038,34827,3540,22624,22861,31264,9247,12487,26130,38897,18466,8418,32961,6950,14002,8449,13024,16636,24179,8242,30986,570,25985,29717,32676,18856,21494,23806,24521,9754,13960,24470,7354,22106,8234,30117,21781,1278,29729,39636,30460,13158,35061,22045,23828,18377,38679,36444,1843,14766,11564,22304,24282,25686,5057,11725,6590,39725,9586,7374,38897,28756,8827,28690,4022,39365,5447,28005,15157,8204,29921,5090,24359,16476,35484,39356,25971,30110,34041,19303,32561,29468,4754,18003,3716,6879,26434,25746,21701,38948,19713,4225,14151,27599,26833,1599,5057,310,636,12241,8195,2936,33944,21374,15505,28081,9674,31379,3031,4935,2009,36786,12988,1706,24479,29744,15845,2689,17854,38321,21002,32967,31138,31244,12423,26718,26762,34005,9748,26482,39777,3207,10094,24918,25903,36036,33662,4495,33826,13174,16230,3373,9545,37495,27457,9063,22494,20091,3635,10587,13590,34861,25671,19239,27394,30415,29142,35976,12288,9529,26144,37559,6453,22172,22962,12716,29460,14950,12543,9648,5328,10951,36530,19928,35957,37858,33690,14559,21033,2197,16522,7821,32512,16740,21358,14243,39343,12431,12707,5829,21914,23750,15507,22442,29484,5380,14630,22484,26237,26300,12804,3026,1602,26375,1775,11100,11668,33170,3644,17009,29903,4724,9136,38523,3059,5658,10662,5643,15718,6518,12719,35081,11982,18733,29686,36662,28064,12743,2226,9704,7292,28623,9053,9763,18023,14830,4157,24238,29239,10738,6851,15933,37776,33412,18144,4688,32551,30025,126,26113,19228,7194,21290,36456,33991,966,21792,23783,3643,2573,39169,4310,6090,19988,26382,3421,19870,24393,22283,26683,8564,38551,1673,27437,28769,11568,27144,17175,39986,14123,24464,28889,9717,13481,30128,39462,30304,26451,18342,38973,6731,30511,9172,7816,9089,18139,28353,18996,35259,36268,4791,11183,33423,501,38355,3750,30243,28750,15693,39579,20699,10958,13078,7231,5343,12492,3718,24433,28,2432,31284,10416,11463,26170,37317,17028,39377,30426,34077,24697,9373,29070,34851,31701,39682,22008,29166,3213,32514,30754,12216,34688,16283,4493,8579,29470,28317,30041,17099,13018,18550,2437,18431,1376,25316,15081,32899,9919,33426,19514,39838,16130,27842,24207,16685,22073,7338,7643,27269,38110,15882,29103,39653,26552,1537,11755,3391,24197,12768,17602,11687,233,39439,22435,23477,26691,36652,20476,11299,15206,3809,13948,10787,11552,258,23826,17337,36,23721,26955,9103,15824,33699,16824,10368,9570,19731,31277,1212,17129,24118,21521,15981,15890,663,35071,4198,11740,7112,28397,19590,16458,37190,10137,10238,29770,4734,24966,13322,11584,33474,36158,28429,3891,7512,19342,4317,19816,13527,6755,22018,9095,12766,2945,21454,11880,36519,30720,26776,25468,22774,23165,34590,33421,25802,30335,3249,18425,30452,24253,28580,9373,14636,13607,26849,33212,31158,3793,34428,18075,13662,5057,475,17313,38738,39249,34114,16200,29022,1706,7406,14425,28705,32593,14166,935,28321,4282,36983,4584,9728,16903,2372,38464,1921,14038,38160,12244,23766,3661,14651,25226,1108,14211,30166,33325,37691,32009,26475,24375,19196,33005,33694,34948,30415,28282,38998,20505,22430,10801,499,7709,18118,22360,16968,35838,33697,33292,2027,22406,35175,11024,19163,14624,11426,29173,26532,6729,11340,4068,35304,11818,17376,20495,36854,3503,344,14671,21527,26457,5969,34987,19294,8560,33807,28856,1653,21994,72,15230,26845,30025,16251,10545,35667,18527,18137,36374,10128,17617,29481,14850,13034,38646,480,2163,1200,19932,28703,33476,15543,8027,27092,26293,32005,17809,14425,24297,18260,36310,31776,28113,33782,36201,27327,5260,32892,27773,10489,37376,4540,29525,12301,35369,8473,16677,13840,18500,1232,25662,16055,27952,14657,25020,31227,22118,24424,26825,29439,8055,13556,35468,271,16738,3117,33554,3393,31963,475,33089,33009,15522,9518,12790,33083,33169,33630,1216,5228,34371,38712,19236,29977,3088,21140,10565,36912,39952,34241,12463,33053,16684,31971,24079,33524,13543,27406,10679,12831,32832,282,36472,27168,38380,38757,18124,19457,17892,2926,34052,2666,19125,16259,32286,33144,24488,20975,13894,21247,22512,20328,25672,10527,4767,7697,17714,29843,34215,19335,26003,6424,18990,2034,29268,771,27656,24061,38891,9915,12562,20541,39299,1349,3297,30551,7256,38824,30105,26333,38479,13838,1776,13696,8357,13896,32388,14520,8236,36277,31685,27834,9069,34273,24617,18122,27331,14598,24735,14977,27676,38880,6137,29761,34172,35415,33039,22299,13957,22759,14317,227,19034,18818,20868,14986,16791,23892,437,20438,23069,31613,33887,1758,16061,16294,3283,37714,6002,15309,33555,29285,709,8915,18984,34980,36980,935,508,9973,24486,1418,36900,26365,19929,31890,6300,16443,19677,31973,21957,9818,29409,25630,25499,19272,25745,12738,27865,35435,14973,47,32583,10506,3592,22231,17012,6353,32198,25118,14545,5602,7410,21997,2750,15210,32448,36913,32073,20046,18023,38147,22284,33665,29168,16503,19528,38022,34317,13693,9976,35499,13174,1267,3276,29468,10206,10340,14835,31789,5031,2499,23443,7991,31502,29822,29145,36180,17156,27509,4086,6618,12533,9876,6126,21106,23424,17197,25040,16995,12415,39984,38729,17588,31052,37407,38052,1398,25960,7,34082,31241,12469,37147,20741,5600,21129,30790,15633,21302,12491,16137,4938,26663,29890,27346,2444,8452,23528,23043,6191,39256,37185,30412,20332,15214,24792,38904,38395,14789,30619,2881,23770,27376,33484,3775,8050,21138,21408,20451,20794,15070,18183,6585,5031,39125,12039,32551,10079,6279,13884,30630,38610,2673,18024,24693,36008,4896,7571,12889,4098,15606,17334,29334,27454,14836,32343,30169,6816,26791,5899,27822,2584,39304,35964,27523,31546,34432,31806,23850,28109,26259,29029,7442,28217,5064,7728,572,26610,9533,39222,11104,37924,23075,9483,9764,8966,36122,19617,30332,33536,15837,2081,3954,25176,13650,8783,31751,18058,22742,31151,14421,17355,27214,31499,32121,19234,27706,14013,13816,38608,17401,3375,25055,16151,8130,24911,3400,4853,25307,19799,36714,19995,6810,26736,4463,31327,18563,8861,27260,38917,2516,134,20291,9738,13443,37474,32563,4270,4742,22401,4685,39439,34061,31383,39783,39444,28305,22226,22273,2843,33407,18654,31288,31482,26403,8574,33842,12886,22818,29782,2809,32676,18413,6004,14204,26787,18577,31345,20886,16598,15420,15019,11920,10973,2458,34513,10987,34352,6306,1453,29134,25745,2354,1276,2971,4702,15584,192,34145,25068,14368,39272,7338,288,34770,39299,29292,11338,29894,6844,38179,3893,33890,37235,15231,25669,14617,14420,26053,17864,10539,33175,2161,33723,22254,13911,23524,37630,21057,37640,14725,33726,7793,2400,17573,3054,8155,29556,26735,11410,13671,797,6992,18571,35738,32872,10621,16165,39605,38279,10530,35764,31547,4907,14390,25314,18332,27113,8462,27368,19620,19564,22446,15194,14253,21337,36592,4776,27143,38370,2527,2879,37125,4787,118,25525,31844,14561,27108,1263,25555,34595,7901,523,35535,17928,11389,23167,33400,9467,26711,36640,1101,564,23452,27262,819,10531,5496,14319,29929,19151,31665,30784,35867,35041,34354,26684,20605,35536,27722,22279,27530,35904,28507,36362,33450,521,20520,32075,9283,33656,1049,4916,6162,39193,34061,314,14339,36161,17809,30179,20318,1247,39365,25011,13749,34221,28954,1594,14511,26367,28948,34554,25533,29125,23694,621,28228,38059,38101,20046,34271,3869,5936,25011,26206,27618,12508,31358,28976,36342,20889,33982,36071,37222,16796,22080,9292,24621,2463,28729,29267,12172,28154,27322,3939,18038,13495,30415,22715,24143,3547,21400,35735,37838,34967,6565,20065,10290,18782,9839,19173,27755,6970,8158,30716,32236,1270,28287,31515,38620,3615,31840,15970,5226,24815,25392,9218,8191,35311,9507,4242,33368,8776,13832,33158,22839,37817,29261,38667,17401,32946,14727,38230,23946,32093,39014,14958,18425,30376,26535,38894,13138,16425,26987,32078,28233,27966,31839,16957,29753,7971,37612,13595,32252,28414,7123,8127,25052,30908,19384,7578,24978,10967,37969,9310,13727,39666,21959,16387,1578,5991,8434,34296,20043,7341,15366,26224,15151,9947,23652,17054,38276,13408,17293,32864,498,25927,39414,35805,31607,15877,9629,7093,4915,23796,3491,12375,8969,26215,35779,22112,313,35929,11652,914,36264,35588,22453,11101,15697,3908,29678,13543,11545,27199,13434,26502,26564,32073,4310,27512,19692,17699,31336,13316,17345,5174,8742,820,26414,8287,5314,7215,36298,9359,38037,22684,9461,3679,34194,24919,32534,32753,19157,25137,5099,29820,19985,6102,13434,21141,19363,18530,25733,32486,31169,29154,35517,34324,23360,10321,24161,25968,9570,19173,7769,4364,34289,33127,35114,27583,14473,6619,30016,23867,36808,33010,33949,14374,28173,23696,28754,33880,28880,21977,20032,2043,8850,6287,4743,39894,27164,25810,2234,31535,18828,8360,1968,14700,9942,9768,3932,23269,11565,24909,33863,20618,26928,17282,6657,7208,34409,16399,34918,37931,31736,22354,16618,19135,3463,37561,7721,692,38277,21240,22771,2095,25847,13816,32141,21870,13551,1422,9058,10048,22043,22200,29695,23877,13636,29424,19952,31537,16747,7805,28134,20706,28776,17567,706,6620,39548,11627,19007,37835,21273,37912,14391,32240,2857,32850,20685,39842,7583,25678,32095,4002,22841,9565,32120,21373,21379,36836,39772,26449,11577,27052,7725,24721,4558,24903,28200,32525,25384,7806,37192,37397,8745,33243,37561,13317,17704,21595,31452,6694,6083,7557,9494,15927,30608,29365,4714,13168,31616,26534,31899,25505,34911,7972,34765,4304,481,13165,12605,27594,19398,21832,23689,8818,28889,16379,31947,32089,13203,8920,27954,15222,16548,23494,19716,36546,38786,13974,39871,16923,26874,20331,27900,37086,37981,19429,27845,27454,36850,12631,28720,2979,37411,37027,26664,15304,1217,5784,12010,38589,7239,35343,1283,24370,1882,2344,27118,381,34972,26608,34283,21633,2062,23379,14373,38590,18485,21742,33977,245,22437,21275,10720,31308,24467,15932,1012,8091,38521,26637,24621,896,10647,10672,13798,38096,38081,39835,22070,12317,10415,34573,30088,2259,10747,5899,2437,31089,39361,9779,15378,35312,20908,33170,16603,35433,31435,5357,13012,5547,19612,27470,4060,37948,16362,25372,24779,24661,30705,29413,35372,37467,9862,38088,37989,11329,38779,25201,30497,35892,24832,34444,6426,5234,36286,25396,33951,37822,31622,4340,38831,32465,17547,36143,27358,1086,12403,9840,13734,34026,9290,2986,16866,19561,38090,1563,7792,8166,18419,1388,16403,38732,5224,24803,25257,13581,19247,1825,14384,28893,35054,5883,24566,22459,17796,4118,26681,24579,4359,13724,20315,1226,23476,39727,1519,1067,10757,22844,6319,13751,12108,36027,9863,5632,35942,31092,6793,34967,13738,2302,33097,12361,28063,22883,27023,9729,26769,39263,26836,14131,36304,37243,22195,28852,28173,305,18133,27137,37460,16987,22721,32789,12370,22544,25276,32116,32652,34930,18695,34629,7585,19895,16838,37459,9478,17196,5715,23289,31115,14535,20858,9696,20594,18815,17034,39181,9812,34455,11184,30962,11767,38341,37746,8011,4045,500,23051,10694,28302,8377,5090,10929,1269,30452,13320,37469,3785,37167,30359,28103,28843,37784,8237,30301,21361,23226,20691,14913,39169,6601,20369,14877,6414,29234,31062,1746,36602,35123,34513,8514,18179,28424,7165,8101,12976,6848,5745,27450,21539,3465,8260,35253,35437,37772,17590,7364,21763,35735,16028,18424,32087,21711,33193,2539,24625,6705,21172,28134,30638,6296,30273,33286,19871,39747,37102,25457,35148,28128,6250,30570,36611,3511,2025,37321,18342,33240,23715,26067,12145,37355,14871,38638,14449,27923,25938,19436,39199,16207,31125,21389,9929,30461,24920,11896,8845,38217,10374,24959,8645,8475,9819,31994,31649,4860,21679,35868,23209,8081,25506,21373,36868,32826,23786,36934,14778,20637,38583,29018,14865,1228,30157,35525,5474,14676,4329,20243,32958,29731,14864,18702,8010,21404,16893,834,33161,3309,17112,14189,3044,33332,31112,2359,33208,27126,34529,19891,3768,1820,6363,29467,9615,31271,14266,39412,18563,20535,35230,23210,37693,16837,38615,13306,29996,26433,12484,28552,19755,27267,37470,36751,15821,26437,29580,18253,38346,12737,14349,19625,1091,25311,7619,12717,24740,14000,17789,10166,23001,34743,6897,4387,35077,16851,16532,20825,27328,34530,29618,38895,6134,21803,36225,16156,13479,4346,21306,8895,35777,6989,27307,36710,14519,24653,7058,24515,16826,33949,39340,10345,37438,25307,36462,24887,1342,6838,24406,1159,2305,18813,28346,3925,1360,21616,8552,3542,7752,37477,39698,23505,5481,3055,24153,836,33124,35309,3437,39126,15701,18133,21512,17410,33908,10353,30053,7329,31154,19046,37944,4684,20636,36629,12361,11848,34198,12536,2389,10006,10528,10743,36050,24301,23531,32137,23239,35787,36164,6328,38016,12966,3632,27090,18277,21629,14010,23974,7062,2217,13057,72,26728,39426,33974,34109,7630,39171,166,11376,7053,21050,20314,19894,29996,35436,36250,12007,34155,11048,23844,3246,20127,18919,4050,37377,15237,25282,36313,31101,28667,37211,39427,24386,18678,311,13261,6793,15271,14329,34665,37721,39480,12032,22168,25718,298,7982,5789,18667,3332,4030,16212,3396,16740,3586,33712,27013,5722,1569,38769,19479,3573,7993,8385,34097,22179,36196,5223,3006,17737,20654,12227,4318,19175,31366,33914,9422,33472,17390,964,36052,14307,39704,4979,31790,17384,38938,36807,18350,21585,30858,25065,8041,6901,2588,17778,23384,207,21245,6907,11152,31018,36540,30672,2394,24770,31382,5164,2304,2842,1989,33822,19378,25033,20653,2933,39981,6059,2687,31670,2434,823,26931,6465,2438,11602,2887,10655,36540,34760,12860,28426,33750,26665,17494,6063,13271,30481,9049,24039,31745,940,10843,16409,17122,26713,22730,37822,20410,13036,13352,16693,12998,23994,34841,25995,7302,8778,6203,23938,24426,32472,39783,22368,37051,17904,34751,27285,3901,29123,7603,15748,18801,29057,697,32953,20155,37225,22162,34641,39109,6987,18659,9874,18818,19518,16388,30163,4494,8086,21575,8563,21735,17047,15804,31253,23134,36856,29381,6063,31966,4269,25940,3215,2855,36873,25841,16552,36827,33441,15658,24161,35903,38995,37101,33915,9026,31968,31983,19271,18326,18919,38275,14834,28649,7439,17030,3704,955,17454,12928,11438,11576,2917,29137,5077,19087,19951,5657,20413,5483,5413,22178,1906,10356,37555,39776,33519,30200,20480,37607,12262,17510,23986,16028,33343,13620,25493,26095,21274,19323,23326,24521,38105,1326,16163,4574,7471,37864,37448,39651,37042,5022,32834,6626,15887,29131,10113,33343,16648,29816,12762,28968,20285,1318,26428,34827,7514,3407,20042,4212,4072,3120,7085,11426,13769,32052,31122,35297,18566,28533,15955,23503,25890,38007,28759,38194,2471,5499,2709,36377,2319,33458,19123,22838,21161,32193,4749,33051,36467,13557,14870,620,11891,18155,29859,39872,14054,26947,38920,24951,30252,1241,24791,37994,21745,20530,12739,13763,31302,15191,24222,6104,25541,11369,4320,14203,11145,1218,4156,18924,32012,23361,30021,2216,1638,36322,29549,13452,32554,6811,28192,36310,35285,5781,5092,36456,1866,13003,30375,37050,26933,864,36462,23488,14401,19283,30173,1557,3932,24098,35848,14494,19957,38896,14759,33237,4866,1202,1957,23394,19573,16868,12886,26470,25986,478,37073,25816,36053,8801,31006,5476,39851,28186,24723,14570,12006,10924,29562,2527,12128,24656,20036,1156,24766,14587,23439,2304,2821,10561,4194,513,32521,38814,36258,3093,8562,27571,31058,4894,38863,34326,20875,18939,19211,32465,11244,32922,16983,12188,27094,23762,13565,20990,16204,8622,2646,34753,11018,20491,1619,27236,7422,3705,22066,22511,30149,27932,37810,3974,22037,17687,34029,25110,29190,20323,27260,22201,32193,17731,5455,19872,14694,6917,30775,862,22519,18969,29901,26509,30609,13202,22560,12817,5777,1207,20010,33976,8144,15424,8601,35854,36183,31882,1747,11947,39286,2424,38015,27841,33317,8568,20087,28195,5923,5601,5179,21518,3333,21185,16567,8209,26614,3224,37568,26016,35596,8454,31087,28627,29734,32068,136,1265,36308,26850,7536,32766,5227,29398,37069,24063,12149,27544,16310,13647,36009,26118,24776,2310,18191,7887,29278,27128,30880,21437,16134,23466,28528,18460,15705,25460,33008,12813,30743,19507,34441,22207,5959,11655,29222,24061,9607,10718,31472,10750,20675,39551,23784,2663,17686,30260,15066,39532,35475,34864,29184,1687,22533,19358,11354,27380,18719,31574,7749,34762,25803,5866,9565,8949,27740,29041,15430,35318,4361,9206,19506,14050,32780,38345,37676,27857,18311,16978,36162,28039,38748,20304,38880,6182,32662,17647,10589,31336,13340,30475,36379,13561,25991,9868,25248,17041,20876,26894,22258,17911,6930,19414,30783,31602,6262,22366,23141,27720,29353,258,3574,12954,8266,24622,19242,23530,33656,358,19079,27322,31595,23046,34791,18221,31898,37947,20720,30660,36309,129,5122,3685,26506,13201,28233,5084,8176,6598,31453,2733,20339,27468,1228,14630,8814,20871,17469,35251,29275,8109,30599,33227,19255,11232,10058,9273,19670,10153,34275,16168,28905,1379,30028,35380,4256,28974,10388,23614,35422,1431,31594,29211,5915,9995,6121,29004,3484,30382,32739,18584,39056,2503,13719,37783,11897,29435,23390,30888,27005,7691,10601,16930,6107,30680,4390,13374,30804,29004,21139,22185,31550,19876,5366,38678,35431,19188,10607,15412,39821,1608,34804,33871,5291,22800,20861,12668,38137,7885,38039,2688,4539,25086,39545,17208,9826,8055,18824,15317,14881,32188,22896,13853,37603,4251,16071,31446,12121,16220,23939,27178,5469,28331,38795,10511,36998,13362,18921,29600,16257,11198,20281,3253,5388,28778,20325,28655,6798,31531,13090,15686,9257,25108,29500,10668,13358,9779,3946,9309,36520,28300,38292,13829,30287,35044,26475,31406,12865,31466,8740,16199,2661,28629,8212,17548,5224,12325,31629,113,30966,20408,3393,22669,16919,38696,39724,21410,14056,24292,17837,23788,7885,21263,21347,19168,15564,10361,34825,36374,18222,334,26827,8271,18869,25274,32430,33641,22579,3306,32379,553,10331,27761,2698,25761,12970,23430,13195,14871,18179,4779,23891,28626,6483,21166,23302,4449,33529,18361,6938,18624,39263,28356,32523,36192,21072,10733,25900,21223,31474,8307,1800,6222,9912,12099,13170,4485,30533,35287,22536,13877,20483,18186,24748,3977,36079,7642,21208,28444,10708,7730,32072,12232,9240,36585,28910,22604,14905,17129,15251,19073,10065,19488,11059,12067,32257,1826,14678,30666,24617,26592,8261,5578,4130,23836,378,22009,39204,20186,5896,4868,15877,18060,26389,28893,30010,2733,31789,14121,11333,5051,12587,9124,37898,13630,33280,30329,35261,38957,25149,21108,35504,38355,11372,28474,18676,24892,18233,842,38654,4800,25275,12637,8452,15936,17814,7294,30118,17832,31724,4047,26804,14282,7833,1009,14790,14832,678,19241,38872,3627,30857,19654,36443,10211,32663,2702,39153,9771,32051,11139,13312,21037,33636,4328,35057,3344,14213,39202,24316,11500,26589,13220,38691,33904,2244,14458,897,33511,29872,28723,2700,17215,30709,4137,3890,16036,11895,14809,9213,4678,30604,15388,14695,490,4375,31981,6569,30149,15698,32383,39703,32800,13820,36307,32355,14978,18612,23075,8345,4996,13225,31235,4917,723,25148,37560,32770,8836,8079,27299,38782,18384,30835,19816,32533,25259,24782,36148,11319,11396,39275,6867,959,39286,15598,14082,4167,39659,23088,24009,13017,25414,17549,34422,13644,1627,39451,1660,21119,15831,11047,28693,26160,20738,19120,31987,9672,38459,23861,6345,2754,28271,24738,30630,25605,16773,20126,18987,37986,26516,152,30447,37917,21614,38290,2898,37240,19950,14963,690,449,29230,5499,12276,15361,6883,19951,13076,24332,13507,36480,4127,36333,13462,2603,8595,8637,30865,37142,8945,7053,21727,27158,25568,35406,17908,21829,34685,28343,8179,4466,33085,2942,20289,11226,35422,18549,24666,7750,23055,16550,22893,25057,35896,39921,9208,17875,25784,4705,29454,13435,39170,29068,7817,4735,35177,26406,34699,2695,24141,6440,15418,19222,10179,35316,27324,12029,1187,15055,14661,23522,16325,15295,8288,23777,6370,36080,23731,26386,8286,17035,35048,9267,12201,30065,21211,8200,16259,16013,179,25522,9180,32625,5778,25453,13470,38167,20733,18838,8978,14831,21130,33308,11513,1177,12269,18637,34310,997,3742,33348,4909,8376,23413,20987,4489,4840,37902,37971,36027,22823,9099,4411,11163,16982,37399,35610,15110,8884,35348,19639,35349,20922,20520,11772,14371,34584,15239,26094,31652,9976,28845,31688,6174,3525,1945,18081,22076,22547,16741,30297,36638,25827,2163,26248,32313,13644,1496,24910,6926,8627,39929,19513,10248,35165,28408,24550,17717,28046,32354,12944,23341,38232,8633,7740,26666,28680,12201,20657,24107,4874,534,12961,8900,15645,20091,25217,31501,24872,34915,27423,819,11625,3383,20983,15567,4328,39558,8014,5149,2578,1180,15446,18148,2536,2023,736,12699,5019,29371,28632,2609,27729,31013,8991,39120,23683,16270,29218,19498,11770,4017,18278,37547,26347,35588,32953,15773,16508,23018,4942,16453,34217,20708,3067,39015,18771,34484,24691,2123,38876,35920,8947,9528,1254,7457,310,6337,33695,12241,31522,7345,9958,20867,9175,31601,2651,22928,23241,33273,15395,2824,858,9621,30658,21363,22593,20458,37731,3421,22330,26494,33715,39712,9737,20390,11618,39997,13241,25778,995,2031,15318,31641,30836,28814,28312,5462,33096,16457,2625,16653,31847,23923,25213,34846,8793,664,20869,4505,14361,35992,19728,29679,24589,508,33373,20301,16522,11401,1642,22248,10483,9458,20986,33435,22801,9998,14353,10504,16162,28265,18356,32126,36904,12753,15389,258,18931,23169,16468,8434,19315,19000,33091,20576,18068,11543,26670,36232,8031,28760,37680,37954,22829,10052,27278,25781,14578,403,8223,34498,10295,22310,18767,8349,14776,28205,13587,22825,7045,26845,17161,37087,6561,25309,36172,35508,29433,36236,338,10458,14,18406,303,29056,32109,20905,18784,25841,9529,10184,38264,6120,36883,18837,18209,7418,33377,21520,10623,24766,28895,39351,31366,20227,32848,11421,31141,23636,39459,6104,33238,12903,10007,22395,24360,8014,7125,2272,37462,7990,4097,20343,13422,36828,17916,18761,11918,12260,30699,31730,22909,4748,27146,15725,35283,28367,38823,9182,6909,27843,26302,25683,11745,25023,36919,9338,39159,4234,12640,14213,7670,35820,9422,544,4152,2073,16574,16438,15247,17974,23294,1147,29366,23320,9454,33561,16025,26984,3045,16970,1860,31749,31372,29705,20703,23098,39555,2406,16322,22746,3881,1267,10366,22309,764,32155,8679,39224,11682,2699,24282,27649,1644,11338,9034,14657,3624,74,38109,32921,31770,35270,1021,15241,19354,20197,34582,23990,18091,28589,11448,22403,23392,39270,24854,35668,24166,29342,15576,27392,18307,32491,3567,34203,29837,11409,16352,31277,30199,21492,27697,21933,19616,32713,14403,36911,29790,32834,5656,3649,37049,25552,11593,9081,915,23119,24232,7268,7437,20385,35820,18031,33232,15796,9394,34592,26426,30081,8554,19616,25251,37711,18332,33086,12672,8309,538,21782,22919,21088,9329,28965,7426,22045,10928,29604,34333,18435,4419,29986,2530,9217,30770,13524,30502,38586,30771,28131,38305,24852,37414,10341,6392,32832,2769,4179,3522,32706,13880,24937,12871,25196,32004,5715,450,26909,20979,22688,18726,13323,18935,11684,10257,7167,28700,32496,1084,32011,11501,9456,22891,8694,36897,20071,31321,23401,32629,36797,36601,21263,9208,22457,19036,15493,7529,15780,1428,5149,20409,35371,35367,494,10014,29838,15734,35098,37805,22518,16670,7148,32108,33382,27378,14600,7727,539,17262,14461,32692,28375,25863,8342,3626,14989,7285,14872,39095,6105,24676,36052,5715,32148,16717,20577,36714,12790,1226,28162,21809,7235,16704,19720,32992,52,5736,30314,19735,38647,198,31388,19271,23494,14313,2717,17671,36951,24397,20428,34346,25898,27519,25918,39757,38181,7390,32131,33034,2826,18477,38015,32023,32057,35023,32173,35057,15279,21747,34338,21733,35248,21160,39475,3252,11925,9528,11726,3958,15377,547,36699,20148,4188,19684,1902,1192,16647,39490,39076,12191,15963,2364,25412,5697,38279,6671,29573,25598,9918,24898,173,5869,7187,264,18097,12450,39005,8916,23089,27354,33397,23817,28576,8542,3716,35005,25023,6938,16238,12088,35808,17916,6451,16310,11904,19475,7792,13780,4096,26779,16450,4887,31999,1037,37399,28472,6670,39048,23875,25333,24539,38686,38696,17433,34751,13977,7345,30413,36112,6558,226,14706,29031,34661,22840,19807,13265,22339,4176,29226,4785,2602,200,28951,2050,9169,27180,13767,9526,7505,36889,2578,5299,19952,34682,39797,36885,5587,268,26159,38042,12827,11868,28379,22745,6116,12814,37723,23296,35039,10766,23364,11026,9109,13396,16547,10329,17174,18869,23161,11406,32988,6209,24915,36029,23770,38641,16939,29447,21234,33407,10475,18857,12848,28911,39772,11505,29722,32011,33855,38649,9334,34562,13577,7041,11591,4364,13645,37279,25006,9045,27863,24306,5467,7240,28598,35197,32340,29929,20183,34374,1876,17586,31652,35010,11896,13999,39138,35113,783,10449,2502,24149,22828,14800,810,9520,25776,39844,20400,11074,21415,25883,38696,12199,9394,961,16941,20862,27125,8126,15368,29267,27725,24355,15713,36019,35711,24642,3862,15871,28280,10879,11390,23921,17193,26821,20853,22820,25308,32921,30706,34894,13662,17311,34436,13477,21541,4897,29967,7017,36758,8763,34853,11494,39654,9845,3312,6230,28700,29059,13334,23745,3183,15851,6526,2035,8942,7564,26843,31336,31581,15638,32389,1540,18458,4543,33859,9726,11749,18961,7267,19615,1022,13279,31724,8548,22070,9326,20839,32366,31109,21688,17442,1184,3156,5348,18807,20558,36496,10944,30879,1934,38094,856,939,24926,28114,30484,27052,1990,7616,35493,17452,14761,23648,8002,8177,19931,33533,26879,1436,35367,22952,33756,13583,12122,4467,28196,15647,15859,13076,10262,14411,27010,10299,34593,29494,20110,33133,28012,24449,37433,38014,28816,34105,10487,11451,24030,15400,37500,2710,34230,8082,15778,24656,29045,20295,13539,9262,36414,27982,28630,17026,39520,33723,39988,6409,11928,15811,10765,25147,14301,15141,15365,28277,29871,7784,19485,15291,1900,6874,3756,8489,11416,15709,37751,29998,9089,20238,9652,22356,31503,34089,6317,29714,768,4995,3277,20058,8761,21310,33271,4992,1887,7476,28196,4181,39067,27240,9791,14529,14079,20280,9401,17255,30419,38049,23234,32171,6058,23476,36804,37136,22706,21873,27676,34243,24490,39508,164,35716,16207,16692,12783,20234,1139,29098,3062,33390,17330,702,29757,14797,12986,28151,27344,8699,29566,17687,2924,31155,1843,13624,17442,257,27788,17691,5592,10346,787,3527,27399,33260,1688,7356,17576,29444,31063,9868,19935,17119,25295,34204,5139,3538,7151,18675,10277,39707,33061,9260,19193,34253,33464,8672,16685,832,16903,25806,24469,742,21129,3297,17545,7003,29200,25986,17064,22180,29778,39689,34851,15174,19218,30704,2769,34354,21307,4303,28343,11129,3005,33149,38294,22068,14475,16945,24329,12077,18131,4751,17818,14661,21177,29130,8835,16753,21641,14072,12759,38448,21691,19043,20948,32436,6983,28345,20306,20705,1206,32073,31021,38568,29613,13688,4724,10509,3588,37085,4453,19692,23315,11627,4542,23894,10083,2292,11489,14790,32587,6402,8545,23773,9291,23424,16330,17554,1486,8284,34975,18684,23418,30877,27998,31908,7919,19555,30161,34248,37754,16108,35750,12935,3152,2240,28371,26016,15792,39446,16408,20168,15382,318,14563,8544,23780,33618,27088,31875,35634,25217,33399,27952,4849,14998,26995,29535,25809,38444,19209,39340,21652,11763,33607,32378,28796,12612,14624,10940,14284,32860,19829,30456,6455,5456,38964,21103,2463,36221,28157,23774,3847,14104,34069,255,3263,25576,4919,6410,39551,31983,22336,38286,25655,16996,2457,24795,10396,9602,12987,34912,9455,19160,39507,29033,29187,22060,13080,27314,36273,20923,19456,2967,5180,19762,19747,1037,19827,2980,25739,3109,14768,1256,27786,25951,26922,23535,20068,19533,29364,24764,32329,19606,24054,5699,27383,18845,10027,23492,2480,564,27545,35805,23247,18761,33078,32665,39668,29615,39707,9443,13772,17608,25253,467,32410,15292,27751,2239,6444,26484,21025,3466,31127,38133,21448,16903,24267,28047,6840,30539,24908,20491,6416,27328,23817,35725,27179,2146,17640,19893,31030,13405,31906,20931,35647,33950,10667,9320,5380,6357,38129,8613,19279,31622,5063,26662,8231,16375,39202,12523,21115,9150,20308,32113,35387,996,17251,6793,38563,3914,1651,1379,6900,22951,35361,319,31767,23772,38072,13159,15509,5774,13610,34784,34768,8732,35011,22716,35540,30844,32140,30223,5906,25193,16823,38484,20147,39767,1645,3766,2248,27918,7926,38663,22162,5880,4954,33370,8243,18105,33814,13204,12989,26238,32600,15879,16169,25384,28675,8619,2354,2825,11743,23698,35769,28695,33909,11393,23934,37574,2744,37089,11239,15868,22992,10058,14287,10671,30100,21688,12672,30686,1492,33467,39181,35241,19951,25836,37351,20456,21651,15331,34185,13972,36038,1085,28779,35351,27367,25509,18437,16825,25233,8394,8609,8341,35158,20705,27279,33471,34160,39733,3813,31899,37874,26236,34604,20627,14308,1495,32763,26514,7043,21897,8267,13810,12314,19341,36421,201,27566,10021,39420,22221,34686,37283,33822,39669,1815,19325,6895,33175,31724,3885,17768,30670,28684,6225,31301,16923,35842,22335,29402,39509,33365,8574,11534,2238,25892,14372,26544,38986,27012,767,12374,19704,20468,640,39153,16962,27079,15210,20990,7087,33392,26425,19111,21764,11451,6983,26537,25803,20862,10788,31863,34405,32921,28425,20338,30126,27109,13879,35221,16846,28940,14522,29411,7081,15878,5559,24804,23727,34922,9418,15170,17429,1871,35605,25097,36129,25861,36179,16718,38894,561,13030,23215,819