17611,74606,8271,33432,15455,64937,58915,61898,49756,27519,12302,63944,3715,51093,56723,79618,276,58377,34908,29984,77483,13399,41606,4009,2925,3335,70964,1206,49965,28390,55327,3806,69157,29057,57394,64987,72464,30550,45311,30260,28676,60241,37982,2816,54549,72935,13107,24367,38848,15845,43607,65640,55326,66547,24883,39763,37245,77015,65452,66228,51557,77201,4525,62944,31816,52990,54304,22676,48119,71932,49113,11333,57535,66640,14146,21456,68280,51544,48565,64185,3876,61514,5699,40439,77749,75782,51589,22328,22097,65829,29745,1612,26151,70728,71871,30431,53012,67341,45065,75732,46304,60179,35294,71826,79815,748,50290,67174,16940,67984,73578,26933,55848,7356,63058,47806,74710,72666,26193,66154,54185,63560,46765,54319,45361,207,70579,70793,43402,60050,78624,3666,30094,23227,72188,76606,23695,12006,72224,33461,4254,9234,10909,2187,59375,1908,36857,32710,35211,14350,24197,45144,38048,9111,21950,20922,33451,69124,22039,35771,38599,59598,42205,65076,62098,14967,3097,40895,50666,45002,55170,24646,33871,14255,33221,66861,27405,79383,56577,2728,29540,2341,52076,19197,4630,21001,58414,66362,55923,71395,28914,67711,59093,29254,68668,4023,51760,75477,42106,55875,7705,39138,16473,27804,6218,40158,9270,10019,40679,39043,20736,54548,74047,33077,17090,1111,73494,4969,77409,28520,74747,60404,22481,66699,4905,49541,26267,45472,12979,26969,75154,56747,77517,25443,64533,13687,51126,38806,66074,65509,2254,42643,52733,36877,2371,20573,26326,42957,73838,17713,44445,56261,27922,34935,12636,49706,71778,45069,70035,63504,69798,30754,8561,5295,11099,17434,22242,21830,70544,27914,35128,43546,78670,66307,33461,48248,44413,44601,14930,38170,30826,79165,64067,17740,76016,72243,13667,42038,5129,53293,9593,49837,19310,16386,44682,15032,76992,49550,10046,74813,72125,29322,74182,10714,34960,47827,38738,73983,70031,14983,60000,36330,14120,5996,38762,1622,1906,12017,54202,15086,5245,24631,31409,76912,55183,21236,15146,59101,21939,31643,20833,13478,57029,49581,71162,38538,72117,33214,62522,41216,13124,27212,41604,5193,3573,1377,38738,78193,41975,58962,51284,41062,52239,8252,8413,41595,78832,59750,14596,32776,28205,71160,61462,46638,33958,24015,70988,27241,40281,26111,32293,47246,10665,36803,11719,58707,11860,75282,44418,29809,51180,40210,5380,42892,24485,41515,75891,39689,32223,43821,13231,71332,75888,78114,12064,32125,28856,2670,31950,52661,9480,35135,72247,9295,9847,2819,1299,38118,47079,64652,61451,20208,13229,65723,43003,10106,66751,22707,23536,19603,18551,41914,40058,14008,67417,78891,38468,16554,27097,18570,71498,4162,41427,72476,26926,23351,39180,56706,70450,20695,6364,32413,33107,8442,58549,56383,71993,32796,70959,57592,70524,59416,1424,51866,44390,22481,33812,63672,3199,54615,74790,2478,8168,46523,76031,18125,77797,16400,18152,33962,36295,52140,73934,52570,22567,11697,30609,63700,980,23275,69297,41581,65653,57451,29586,31244,41023,64890,62760,29499,54033,44164,73453,36074,28766,6317,9378,67068,48324,20901,67060,26718,40868,39153,39264,72393,48708,21650,60919,77932,11137,16153,79443,67364,74872,49440,23104,20418,32846,55935,28523,74647,6833,64884,51590,45610,50328,67509,21600,71332,5335,68704,11849,33447,13244,35065,10973,18235,10748,58334,31587,50115,56743,52067,21594,42659,57426,16558,63958,27789,15622,56526,78732,69999,53506,15478,38728,36395,32534,49656,73318,525,24882,69253,57510,75901,2757,4038,79380,31750,34130,27080,22656,37326,19452,71085,26273,35812,40781,76773,32883,58510,22017,71483,46786,64331,55045,15964,27386,74782,50234,26846,37230,14174,3165,15475,74620,1732,71471,38851,17903,9854,65584,48985,75048,40796,57300,65933,46768,69257,42426,110,16239,57975,58923,45903,39950,70686,52350,44481,74896,64526,14823,49487,50120,26727,72992,507,36388,78402,66972,26067,60500,78752,67752,53603,40021,22323,58902,69593,25868,47110,68968,461,51008,75936,55819,53117,44041,76602,8879,64579,32457,38127,2723,53346,20458,52077,35423,23350,9622,79359,1327,45803,34679,53888,71335,39802,19932,60564,33993,63510,22232,61224,66889,5949,35496,66883,12927,77415,55390,9142,46553,8781,57997,2587,21513,66474,21184,12196,52680,36149,79297,39898,27379,69218,27224,31094,43770,35267,8985,9815,68576,48261,61333,67045,73092,6519,22092,38912,72907,35358,46642,79910,30423,51453,73537,52391,22591,63389,34016,43207,29139,33917,79947,32011,4002,52769,41488,56592,32561,35270,24890,9507,21709,75909,58140,76209,19422,79463,34338,60213,69021,21303,18169,18100,57760,47328,40601,52527,31521,15182,27025,40041,8942,13944,29834,52036,42122,64534,13103,24479,5895,7253,78317,3051,28384,4549,64809,69276,57971,44884,35989,15475,22634,12482,29106,52390,30568,64883,58958,49531,22098,30371,30898,37177,60630,71698,76012,51064,27775,59204,33800,43269,65055,77806,14541,28029,10335,6057,2020,685,62966,41887,50219,76055,37645,25674,52419,20980,19958,3992,1989,50760,19028,71116,7486,74022,49740,33314,17036,10422,60671,39767,1892,4649,70383,7975,68800,16898,5611,35860,15392,56689,11932,24918,3620,65491,17080,36604,25156,58656,51079,43228,35123,34058,31862,32168,7888,77060,77397,22973,45824,56160,79344,73434,68442,7969,46298,71686,54086,70529,26131,70307,55590,9186,35008,9474,32975,23275,12657,19793,7695,26653,56112,5885,6922,11956,67218,61494,65683,48529,13013,40984,5258,16597,69660,4349,58110,16803,51798,58469,3226,68748,35388,11845,32769,42652,11244,39562,4481,50362,7623,34210,41052,17040,34118,49831,15353,39812,12328,55683,32163,65895,73030,26923,43267,44389,66757,51261,76564,63065,13721,17003,58800,68648,73222,76200,68167,70204,3967,38184,20582,26211,48542,51018,68298,42496,12763,53674,45269,16563,75354,8501,5711,39386,69950,41110,54734,39101,41785,46218,35739,42636,68170,65674,1128,68960,15972,19497,41564,42673,42934,75118,9023,59220,36649,62874,59525,47731,49876,10245,75886,7353,17639,6386,68643,64510,75445,33019,32160,75207,44387,47392,48514,52766,40289,60892,78415,44623,69747,66524,21993,3810,19445,32784,28984,73764,17485,14779,24195,53884,6567,13005,71527,34829,14016,26783,34301,8752,74870,68993,10288,9543,28492,22723,67040,56634,2863,77379,48248,63789,37191,28827,26264,78391,64699,30830,55763,59269,48124,71365,24749,63197,9528,33627,53386,26393,1085,69728,49901,67408,63842,10015,52919,66855,75796,76624,55783,5258,46114,60090,839,24872,39236,721,70880,15734,39669,67173,41360,71175,74969,72270,37028,68895,53927,71046,67877,53516,79006,76160,40338,59312,39571,17163,66364,58219,76843,18392,72088,21360,33127,1259,55597,74174,4751,48282,55164,52709,36903,2402,11858,11800,631,50255,35242,60865,35646,48841,63100,44111,50916,59788,15271,63402,46464,18965,54420,19432,2380,22554,34109,48203,16661,77277,37636,54121,33806,67343,37653,55149,35871,56820,44027,63674,28241,64405,52678,55721,11976,8446,16969,27019,19608,30045,3425,13535,33190,20409,62886,12969,52314,24567,392,11686,56057,6667,72036,28610,70056,55296,45442,6164,13522,72461,55001,15551,34777,36536,23467,62876,6248,28078,11428,51080,16225,58627,38567,66560,65268,51522,15224,79444,62808,13871,19547,50641,26371,21905,68254,33765,54605,70348,37826,64549,71407,28131,44182,63697,13481,1122,45466,35066,7397,70849,57704,39303,13206,29957,66586,35987,35433,32289,53954,19442,17065,33595,25599,53440,73511,78445,7658,69832,79820,66763,19510,54237,35410,36672,62933,40081,35003,64399,28101,65373,48193,78513,61675,31675,44354,23089,79394,23750,76093,59128,70092,19586,7623,66053,42730,69269,17703,27942,41335,64714,62967,43259,15519,16767,18365,33615,29494,11538,70624,6557,73803,22555,15222,29654,73827,26136,65931,74393,40352,55347,42944,555,2628,40016,28870,11084,29427,36722,44705,35268,78792,67951,49712,3031,15945,43232,45485,18276,14863,32875,18779,75236,5376,45482,10141,12035,13527,39319,41552,32630,35302,69419,6522,47416,4085,10265,18223,52340,48766,31727,12302,43099,35865,1043,67533,42182,14707,46184,16501,79450,35530,53105,11937,75581,69171,62335,73982,54882,70223,51612,39465,28756,39671,71974,17448,7069,78655,66653,14400,22956,31533,28183,56965,35978,71559,2619,32822,70625,35511,69487,34307,62027,16524,52859,13599,48952,9053,71329,47597,71401,72808,66500,76129,3986,40386,58390,17329,20417,9744,75927,18602,28346,63448,43970,47853,38318,20941,20395,50034,57634,53168,15448,78774,19024,35357,38704,79126,1072,70422,1271,17377,49742,73651,13257,60231,3980,56617,78454,55348,36184,48515,53533,53232,79400,60553,6982,13000,61703,4903,77,5513,14565,76990,18294,69526,66594,46699,72224,35507,74478,46716,62116,32135,31432,13833,73709,46886,20795,15257,5318,41117,55364,45384,33225,7296,56999,54386,49322,47021,38526,44726,57805,31202,79907,68025,18923,7344,44760,14876,67245,22570,71176,63889,44693,15922,76386,2839,62948,27422,50231,22899,52067,29858,13067,32552,43989,43129,32135,60464,61756,48437,64569,25397,56621,57750,52279,71044,15782,74898,63999,34925,16412,19645,1565,49298,54344,14283,3437,9776,23981,60135,49416,65803,37814,20383,20222,68760,13858,33369,2462,60873,51976,29932,70481,51221,697,71319,32699,55439,20827,23468,44888,31345,9968,70301,73119,21095,23017,49241,76723,2827,67255,28424,56023,30888,5302,67588,24935,66064,70353,10121,32494,52188,60941,15609,74319,6336,50723,11755,73395,12398,62773,5895,67957,31351,1594,2732,40895,61135,36447,54468,21849,77983,17458,73618,41722,70082,58810,65744,54736,72590,21970,51836,50998,26308,64932,36494,47184,19855,34006,74301,36633,22958,10965,47254,44055,18705,33877,33424,33066,45790,50366,36586,74117,61310,1765,19533,17073,33125,29611,25756,9235,75936,70458,26006,71173,56258,31434,75708,18244,72602,60359,51290,25668,10822,10112,20064,7539,3966,53134,50151,54690,18016,77464,78237,16931,70582,71611,9721,31616,50026,18274,37443,26530,52058,46774,23370,29504,39038,18848,45576,64503,70171,38242,11610,67408,39182,27372,60745,2870,38049,77672,13505,48841,58142,33409,7634,6824,41366,20958,17349,13538,14747,57054,76873,32230,27246,66091,66548,52012,15933,27810,50308,67822,17557,75805,33371,476,15845,26416,73755,49551,63180,71433,30234,35082,4942,21990,72662,65911,30555,53797,35873,55206,52238,35648,64746,12809,16986,24464,73336,2080,59497,5878,64022,28093,51634,70603,44072,31913,12324,10107,5591,55399,57904,24745,22704,78029,65798,24903,66813,50436,68397,47257,25830,30502,47150,76815,8454,44700,6789,60091,5793,23170,19357,37424,61493,5643,76457,65673,8503,74112,51943,12056,52421,67072,75030,39491,51692,35116,46162,61686,6433,72376,62541,2284,55944,39925,77159,41590,19581,78135,77244,72842,36408,8633,79580,47314,54411,51251,68135,3097,75451,76248,14877,4841,75211,69409,1884,13228,43521,44131,48279,72205,4516,48517,76379,9720,63560,10978,70724,58485,43841,65546,71314,446,21064,42602,47297,28041,19155,76048,19426,77278,14140,52950,41576,66668,55162,47190,44750,34049,79801,48298,4928,8318,32328,34801,52041,72140,37205,75205,10941,9819,22333,35034,54237,10917,16551,37018,72199,34446,30782,27601,12953,36323,62969,6175,67128,39495,26726,71259,9846,72183,41347,44520,38803,67655,17465,4620,57963,47702,4887,3763,41350,54722,21471,73007,5324,77116,68926,55650,24165,25876,30518,15042,76997,17045,76903,66353,16048,34943,60074,25729,7247,47357,59784,43899,46488,28805,1225,1828,64060,4228,21546,33202,72346,5225,1202,30158,11095,68721,22716,4601,69226,26247,27451,58063,37848,31853,64288,66308,48677,42585,51377,9630,25590,77898,23789,24579,38923,76187,55868,62130,47641,3036,63876,2707,13732,75754,56684,76309,45036,44419,9707,55074,25597,67400,64793,79684,73874,72137,65679,62600,78638,75458,58992,79131,61757,21676,35162,68740,39521,73852,51960,79610,70740,33967,33473,40664,1922,79246,6009,59975,59970,46600,30427,66582,58216,27413,62390,43986,18983,50317,57325,7110,14578,46703,1073,33528,70923,7081,40165,49641,1960,42529,44323,40478,77225,6519,27336,10713,43075,15713,8686,16825,38573,53695,79617,44666,30483,3566,23984,66083,75240,47944,39651,38502,49547,55107,68996,60482,9726,26081,53439,30357,79673,5534,31556,29432,31915,51731,49723,27544,19920,39223,47198,191,40273,58231,65262,22397,19187,4087,48596,57277,72600,44812,67267,64185,41626,79136,14616,76495,38310,71834,36191,56299,1480,40727,11328,64473,15068,65686,28910,79380,34691,57248,48855,30219,7105,13433,78239,67532,67394,67020,21373,17003,38280,6334,8952,28605,415,8099,55435,2757,8672,7210,1174,4571,70509,44450,43609,2456,1153,73273,27703,61467,26228,34899,38713,76245,72176,68356,32948,30607,23943,27623,51308,7834,31272,72788,59327,4632,43437,42819,53314,15695,2096,73734,24254,66271,12278,24228,28622,29477,23138,39870,12816,7706,41138,19175,8233,58087,19668,30269,5650,37517,45131,7642,77272,11700,58002,26244,29859,24263,15622,7529,26524,7083,15195,11458,28814,37501,33046,69102,55423,32589,4228,32999,25532,42698,45865,46823,59541,50128,50663,11715,55848,32046,64139,45050,23412,79288,14921,31420,9472,57225,36296,69765,39821,43914,48568,53642,59813,47758,46122,41404,51911,61776,67008,2242,48534,16691,39639,22022,39611,74293,16614,71896,19594,21879,59989,19954,17719,21117,10444,33276,30858,46655,41315,22484,36343,62005,40598,10126,56145,20187,72085,46302,58940,14080,20421,41398,9068,24482,62859,70071,4583,6143,25121,46661,47983,66551,46570,66008,49090,44836,15783,24200,49210,4276,35505,27547,8176,32370,39898,42869,73837,52816,32026,47151,6481,30376,38080,74508,894,25602,12732,17754,29197,48350,66343,34935,18462,21282,29894,9882,40821,75157,66937,66750,70707,78678,71031,56639,57587,76131,67076,62256,23970,67167,46613,25620,56767,9720,36296,26898,30007,18651,17509,27295,2778,21442,63663,47563,24110,6460,47229,10808,79913,31106,27709,11413,57835,25731,78854,44882,21627,75383,2352,28517,41430,62962,72364,4745,6864,48073,65530,73290,45810,17762,63988,8952,67000,41790,74340,40837,79312,41648,75089,11743,63035,44301,54466,9370,34350,8248,42329,2496,23622,42921,29595,41034,34406,33082,40136,63908,54520,1570,38602,21280,38113,6370,15178,56549,56442,28495,36479,46722,74126,64769,75501,36871,79764,33541,22593,42292,18719,46100,12399,52036,46774,68463,74318,25200,51883,58883,19667,63063,31836,4948,32454,10353,9243,5049,68072,66470,61823,74708,63472,42894,68210,22339,73804,65165,52123,1733,50594,72438,73691,59052,21679,77775,77157,48907,6761,48274,46256,57380,31128,71650,39793,11566,57915,46802,25589,21151,17649,57960,5906,47719,74362,44197,22731,74549,64279,62690,1098,75491,30666,79880,7784,58210,21433,66786,27311,52470,61069,16166,41263,34350,18130,22191,43246,17254,23655,69502,40390,30704,72664,56021,61350,60028,66905,72368,40775,22253,68147,66490,40477,77599,27096,37032,20263,843,44625,15605,55763,49809,67213,23450,57614,58904,69889,57980,47679,27055,7081,11163,14066,12753,70548,50798,17997,58115,52057,23853,62263,58844,68414,77800,4772,76959,25417,77388,58977,64001,51083,38106,45717,22744,78366,35819,23646,3612,72932,7937,8510,72100,30121,58413,41812,57881,43948,13322,50898,7050,61379,36464,53658,60989,43420,66515,12586,21520,52592,70914,55994,62621,66260,19523,41878,19130,45868,17985,25362,29487,28327,59505,20415,13553,13494,55732,6892,59454,19884,49090,73430,42158,36716,52170,1856,50794,63847,58375,39541,39727,76177,50720,41044,37960,22825,13149,64140,23555,58429,20097,60127,13825,70531,16172,70272,41757,41464,64784,73270,44699,76201,41917,73710,77632,60632,42373,63495,51660,70288,28591,21768,31591,70327,26235,77920,32155,6767,42066,8065,43028,55017,3894,45125,47122,47391,78675,78024,53587,27408,37828,29439,41096,52093,50407,23019,1098,50947,45896,79196,29123,30658,8635,41976,50422,26707,38493,12549,56880,518,46012,12222,53456,20085,14601,69941,23514,44609,18907,49229,57279,42670,71065,68541,36331,27336,25420,20759,21593,70496,21039,19227,15707,57936,76670,68434,17024,56529,17537,43756,79521,41585,77944,17968,2717,47005,22826,29662,30804,65136,77653,64057,4491,11764,17507,69847,61457,74030,18713,27399,47253,18070,36706,45684,8500,50283,62282,3909,69341,60526,25822,31574,27018,662,39849,5525,34992,68023,24824,9421,13879,14437,52465,43496,13736,58377,75592,68515,63295,36782,18706,56514,48688,45730,50293,53921,57173,48240,71958,26993,25642,8557,18982,31195,31452,2732,31592,51586,59868,57774,74416,12500,7102,22585,69111,994,5809,56385,36501,54453,17405,30892,49067,54359,44805,76672,6199,66363,59568,16937,68571,47717,76642,7872,45790,15365,32170,16324,57246,19495,2500,47896,17028,19721,37776,3244,61913,3508,63318,8799,77283,56493,12039,61576,71316,78996,65707,12696,16870,70606,51586,78908,71421,53755,31692,68596,49789,62598,41579,57391,15307,8814,27614,77572,48406,13678,12605,46519,13855,25675,14560,77447,11469,470,67157,56601,30732,11987,40287,63906,8103,75166,56232,73463,39089,51384,5360,78018,3798,36276,62696,57394,28690,35208,42157,62614,57885,69994,7174,35242,67328,22781,57405,59709,38758,76699,77320,23932,42071,66842,52140,54236,73395,78233,52223,62574,28925,40155,2242,8279,19377,64691,15177,47134,33970,40542,70937,39712,18158,14002,65777,18083,59653,4978,58425,61559,74676,42695,71039,48665,16400,1919,70481,26411,35215,8490,60550,37133,1569,34852,65784,2838,74146,52617,14685,12829,42237,79356,75081,58636,11994,65320,69436,45054,77204,5725,24636,22231,7280,15247,5598,15373,72757,69439,39991,26282,21220,69902,19684,29875,28484,11753,66021,46253,73755,57056,34972,17654,37475,75725,32521,9116,78120,34714,7452,2852,56605,37006,62208,55301,57215,8899,24282,28152,4462,56283,54334,46502,46527,67061,19426,23448,29621,30075,7778,47911,8782,58517,42189,28526,28712,33778,20314,68282,49995,14050,62600,240,61887,40918,34407,38163,27334,17406,49879,4588,50141,59907,70162,3185,17272,30356,64646,12987,38802,57167,26332,67635,43771,12891,32615,31783,64445,75358,15196,23302,65073,46987,77954,56780,52471,72567,55291,3122,52335,18544,55806,16672,7949,38335,50939,56367,12501,26419,78409,35575,62755,78043,55348,34652,66679,13971,42707,20057,73559,70502,34038,3209,73600,12721,48595,59530,34723,12415,37236,18218,11097,53259,49864,3655,62775,76377,17032,73410,51296,64482,30541,66766,3688,49281,8106,53810,78737,11015,32749,5199,59545,10982,38483,5187,45562,5563,8959,9597,5943,76636,40200,46456,40354,11896,70444,61681,46867,42846,22430,46555,68974,32756,42903,79037,30497,32544,28533,40735,40112,70294,42304,39557,77045,628,63065,33124,30172,19340,31677,21133,11074,34030,52259,26552,18052,21625,72506,9701,41444,50603,27659,20752,5070,58421,28312,52523,14762,40737,28811,37968,67045,58437,44105,10934,8986,9234,30264,15704,68626,60760,72892,60080,1281,78769,21969,60052,56714,70823,14379,25193,2034,31901,40342,28072,68027,79489,38557,40372,34618,45803,34821,37681,6229,3812,1376,57842,5556,27038,10081,41375,59264,39875,14984,32326,14558,25305,3948,25516,17783,78144,3380,57701,3770,73332,29806,62287,22657,69747,1158,29356,18138,8219,2094,17973,41984,75585,11102,67823,70669,34205,25538,52218,1037,71275,36662,46126,33939,71144,50522,52956,69480,69283,69897,61008,36561,11600,23585,62821,73764,51638,17446,27298,68930,3360,67787,6772,41570,18973,28686,41766,52022,5354,53533,77777,62228,65874,8511,4511,17184,72793,53839,71555,51067,71342,35598,77575,5817,28521,25467,39874,49845,39265,67882,2998,74654,34961,24997,70232,68271,69937,21284,30132,11525,27647,62969,21587,6896,52766,37058,1947,19787,12966,5209,76959,56372,62243,22966,28587,74226,61425,14129,53056,29352,8316,16658,44289,66334,62238,64701,67136,48178,56713,76326,32515,58074,34058,52963,46643,50628,74229,29993,49443,13927,23706,78622,45154,9921,3377,54982,76839,64766,7973,60332,14433,30699,59592,46025,67096,11968,43935,4859,36266,77255,68679,43905,17012,74951,21903,56340,40842,58035,31893,64129,50296,3630,65700,33389,15783,37586,34047,3250,74121,11070,42547,67434,23739,28692,38484,10617,22339,59702,48755,52281,59353,61872,13470,73753,64063,73731,10926,4459,7760,2456,36536,4770,35224,40754,23110,70466,62568,44222,2233,59601,44808,31133,29673,45328,7584,3003,57734,67117,25975,51603,20065,23502,30405,10658,51775,5348,22836,41978,614,59530,70568,69021,21306,5005,55384,29112,33719,68042,57394,24753,5319,79328,49492,53808,52224,67027,55843,35634,58022,44171,74025,3134,10262,61931,54964,21233,56435,21020,71212,66691,66559,66031,22533,35022,54131,63086,37430,45523,59858,52109,72285,49356,37533,31475,47032,71064,71395,69612,29562,34698,2629,9499,34511,51094,21030,34599,77057,33077,64310,2059,20886,63376,14485,28784,19931,14801,50379,7442,22620,8934,12427,61398,71985,61381,3274,7588,35578,6723,69374,61911,27245,46629,78052,57387,14487,44415,41742,50097,50996,38016,10828,30046,57853,73534,45808,56018,56540,57125,76951,34935,24462,19772,6926,43297,46095,49344,8818,77727,41670,75483,23214,19046,15019,69662,26782,62555,30558,46985,69129,21173,26648,39196,22505,18127,52422,55802,64114,45986,4467,69759,9856,3193,48250,32609,20401,27980,51931,58151,66867,77233,35749,55855,78203,44296,63172,44653,10633,77620,7183,18251,72896,61593,23090,11905,1069,8538,3156,24032,36513,25459,60367,52724,71023,67009,35564,34605,72980,50370,13813,51811,60733,31642,9329,40987,17616,79122,3479,49618,7386,38064,45220,2212,57555,41577,76652,1315,69812,41387,51384,6709,76516,58540,12759,55513,53239,16158,74113,2294,1508,73012,78072,53537,45644,23013,53018,5322,18765,37423,67689,53862,21782,74746,61494,38495,76385,78067,33595,4577,51222,70659,77778,54004,19196,42466,22333,59406,51527,75680,72898,16463,65972,10364,79321,77111,51501,34143,51357,64117,4393,38098,20917,35236,50884,35935,16363,33482,1156,15675,14007,61336,19837,61056,31569,31149,5442,29469,10476,14192,12650,4907,75895,14947,5743,33063,54387,19207,45456,14948,6554,51056,29293,20870,70294,75251,64139,22491,46173,79265,52173,67171,74068,22462,42726,69482,9235,6526,1988,75430,39047,13031,59059,11419,86,6235,36853,71924,39976,77513,33349,60114,50229,15366,29290,40127,16466,66808,65730,3158,47977,58499,12373,56481,20358,36016,14921,48919,33079,27660,43056,18464,73165,29225,974,30155,63241,47032,16678,53530,44955,56025,57670,14671,32810,6949,69122,38710,67522,41772,26092,27290,30067,31725,49302,45484,33609,196,64510,66428,18419,56062,63405,11852,67692,36177,13101,28737,14214,55854,53091,18639,15037,57621,67897,28367,21137,28233,35722,47932,42798,45526,33007,74302,19573,4067,29010,33719,63196,78113,70252,2089,44822,2199,22876,26330,34021,30159,9576,55855,48371,48537,24845,13833,597,51419,44440,75127,43224,53789,44965,77140,33728,52761,36157,46302,9835,57315,29233,61867,45368,37069,3835,13917,77950,69614,7048,22419,29533,70184,57579,38517,55483,52228,598,8915,52017,20017,76943,27216,62147,51613,64717,12959,53757,21629,64592,28173,40475,73074,4742,39164,38404,18196,32911,67409,39829,62388,17480,57200,43706,68339,42096,27643,36423,5206,40710,65854,75334,38617,65171,39193,34626,20929,37982,34488,43780,19534,33934,50759,57924,64865,22084,50276,5186,12156,76393,26967,41546,6697,68537,40039,5263,54463,14261,42459,16937,1364,45139,31645,46441,68042,56957,31566,68199,10966,4282,43898,2493,58140,3416,22081,36834,27453,56210,37918,21621,5759,5097,65171,51167,70967,14608,49807,37731,57167,6536,30028,43728,54956,77053,75471,63822,78635,26629,75955,67024,11656,44115,53035,23506,30860,67782,63612,9466,54923,51802,28595,33508,204,36951,4269,34087,11180,23561,33113,58830,56977,40039,13152,38967,7067,62550,23008,33347,71933,27367,16527,5524,52330,72199,1302,74339,65965,38940,358,50025,44549,12688,33661,21226,78357,26203,9518,22915,75694,49432,69569,74286,3049,28876,53233,2341,554,69169,54486,23039,6996,51878,54316,25019,20863,29108,12003,59235,70781,71356,43835,32786,25140,66453,78096,33527,50934,32428,38333,33787,19284,34861,47405,75811,36113,65572,28693,24808,70398,2878,13812,28650,36132,22115,42214,28789,21338,4302,79756,28722,50840,34308,33753,27823,34250,49219,5476,4326,20164,65151,57218,39499,48044,53175,46665,25951,37563,36735,34636,63348,20009,76034,46738,18546,51084,8019,9469,34106,9876,64700,27286,59485,40306,5277,35242,44184,560,64932,56548,56540,55527,48054,79765,63694,25372,56695,51325,37910,12599,10603,21112,44192,47887,74505,56283,50070,16135,49337,6807,56851,79696,26354,14769,30040,62615,50286,22662,17442,28849,12562,45464,42355,66288,57601,21852,49598,63468,73826,24147,4899,66013,26008,32765,17215,15663,35873,73006,1713,642,48749,37416,28129,7132,40869,19406,16702,8830,20499,77257,54792,35183,17135,9561,25341,21058,78909,54624,28389,51456,70919,64254,22690,79066,8446,65340,31821,26726,9536,19875,32050,24810,79971,19311,71869,34016,8554,75245,48781,10337,46592,69242,36539,23499,74310,61565,56825,72982,75458,73403,28931,16535,72601,77205,15405,57080,56180,48198,29348,58164,73694,51348,43589,74346,24038,6858,6391,48141,60734,21170,61166,75095,48917,46146,20477,59947,26342,71608,62552,70249,36984,78355,27270,16643,79826,28885,37050,13868,11543,29749,55629,67115,28075,39411,64513,8084,49239,26739,7003,40499,39242,27624,56185,1636,59859,42675,55014,31980,13796,22101,66242,6683,50093,21354,2260,67424,65007,63607,48342,71989,55904,3770,77847,57138,51012,31130,67880,1064,73372,5660,26179,41361,4686,17677,57498,23393,59255,19184,18817,32981,66056,50068,12175,67165,16178,9300,50264,63430,48054,27596,4933,69443,53654,28908,63050,25909,22129,31027,25833,69484,44378,39149,62579,75291,66306,30831,27924,36908,16156,74699,1341,4806,41338,11662,69247,23400,59784,70877,10544,53708,18386,71304,5682,18374,41898,47015,59243,24969,52464,60767,11263,51685,47955,1285,37370,27731,76603,46668,49080,980,12435,58368,53125,40198,22713,39214,28737,43249,43570,27764,5365,6679,2436,23848,78786,60608,42502,4814,34856,77810,68868,35588,8626,32755,1554,17043,54172,45536,35385,65334,5116,50560,14525,40009,54947,32531,30069,67887,76475,57144,74320,34600,1362,763,19863,62253,19548,45885,10168,78375,32438,72996,72120,20230,17399,52561,18199,43277,25469,16972,17937,79689,15266,16672,4381,78111,36469,35784,46195,972,19052,1136,8357,59794,56730,52115,40555,17521,51341,55847,47187,58710,45851,38322,62283,24332,35250,1045,40829,30138,6961,65467,7823,987,10374,77842,60713,328,32171,17363,51387,50912,29162,77797,36280,24029,28598,21170,11872,43303,45470,11291,15990,72905,30247,26827,43064,73420,70307,58717,10855,56538,74924,46710,21634,23736,13320,46434,24213,64655,10388,59779,56543,28660,8311,8872,32990,43028,51387,48282,76228,42777,56405,67715,78464,9266,24931,53955,45565,69041,65171,45427,15646,58642,43160,1139,29526,39863,53853,18342,25101,36454,66712,6063,21273,76029,40639,7464,14582,34830,77251,14632,23553,73164,59269,74694,32481,61410,56487,7153,18466,64598,47167,65935,38241,49207,11667,74177,57292,17018,66702,30561,56097,63803,8212,77426,47409,69741,68245,24262,8127,26741,24842,2432,45491,31145,31303,69062,69001,53839,73181,54392,21654,30766,103,28789,66902,69821,7439,20366,71923,11829,3238,18649,71382,34921,30093,47288,43591,18060,12290,33533,54083,46609,77832,5563,71893,8144,60067,4957,41217,40814,39350,51078,40213,50455,63238,38619,15715,76682,1485,13860,55572,9647,27337,16130,1234,32195,61503,9289,27876,44674,28159,38806,37449,60961,60960,73176,75122,66772,27580,60664,49345,10947,4043,9671,39435,58899,26849,38701,54309,24240,79521,51735,49153,60690,29010,32331,64706,1847,38353,35175,62145,64682,46143,14344,77751,15716,28057,58524,50863,28181,55194,8085,23065,50662,55719,48962,68893,18575,8909,67075,20938,5892,76304,27804,65896,71243,60991,40639,39447,62326,17663,2755,59137,56846,75852,45227,57111,47617,28555,35422,26649,60441,75651,62103,35575,54448,37295,36298,58174,8627,14570,42629,58684,37649,68011,29741,66720,41971,32539,20327,20579,33335,32525,53971,3959,56268,52178,29537,17825,9425,11118,21658,61436,78933,49740,28821,38290,79143,51281,35172,1038,37200,19635,15750,56489,36920,39440,54879,72635,8019,19489,12761,21699,67943,63890,56761,14538,7538,47013,41708,40271,4718,40139,59136,4126,45107,37280,73247,27867,34532,35893,22117,37608,67050,44331,72794,11771,4669,16868,17245,50292,42346,44427,61738,21944,38398,3580,34772,2311,71225,74566,3029,55096,70687,60803,3185,66742,51001,13920,16318,75264,74645,2160,50292,11715,65442,28152,46378,76736,4259,53705,61872,71079,41838,24811,1098,16662,61851,61709,32840,56666,67508,13184,54550,59313,72269,67677,38683,12205,6820,55537,20171,45997,25975,10849,59821,47416,14522,77653,79426,43413,13215,26675,78948,41636,20796,21036,43306,10695,27344,38433,73005,76462,8626,64314,74060,60456,65561,58268,50611,47720,68597,68829,62254,22851,18681,44,22957,40433,23228,19662,27187,17613,31967,59958,18092,11113,63491,66381,71835,51062,51686,55587,71334,66059,57167,61681,36716,62584,16434,25925,49547,4608,35959,79953,18412,57691,28512,20333,51159,57975,8101,45549,29611,20463,37447,77693,74561,64189,43357,20064,78814,8449,51562,9584,9721,29,3938,9836,11445,17183,71877,32968,8058,27314,56457,44265,36508,46585,26242,20773,53709,10505,46443,15110,55409,59077,43717,65820,13312,1345,7334,19426,53442,78606,27669,26450,8935,21001,59693,67336,3106,42868,38601,40678,20097,59290,6860,5750,37760,20891,3198,41385,3120,19391,33052,13982,30605,33621,74940,64833,65413,25146,10143,17158,37434,3951,30928,20640,22926,31921,77587,60308,14080,449,25636,74409,47919,22362,35404,12417,10570,39367,30411,49385,39017,71439,17789,39490,18262,39022,69962,15795,39238,68575,13165,27355,57677,52376,12816,3978,51820,62489,1008,38518,61518,61442,48371,23612,27436,62551,71844,26156,68023,70040,29682,18060,56710,26024,47797,64400,29866,6375,32195,15067,47600,8746,5585,27862,56614,43394,53348,58899,57902,60346,78059,58858,48640,5141,26684,34018,17077,67907,14188,54404,26212,42939,13512,685,29264,26014,50358,25551,39716,40498,49075,30497,3711,32725,78199,36365,39970,23769,14991,1939,45603,20239,74161,51071,64373,59654,14727,29630,78565,46033,8090,10763,31641,22509,25857,56051,18422,49627,52544,77025,46156,10783,4876,71694,59691,75176,46349,37728,48770,43126,49037,1441,14979,50704,39542,35831,7662,67056,62884,36235,6844,64442,41646,56140,59729,76260,73614,67197,28859,22353,67042,5403,52553,33621,25147,41254,26398,14652,21921,55127,55269,74163,33149,79567,16925,12163,33816,31421,36624,74786,24105,59398,55787,2216,18945,40015,66880,18158,18616,53936,4800,61227,66508,64954,67853,5858,50715,13894,38549,54184,60733,14082,69787,56001,53796,3493,34405,78746,8108,38190,33996,42638,66318,3761,18363,71284,7201,28612,41414,12734,21483,39565,54116,68103,18784,10396,68617,64978,68284,8260,55808,47911,19603,60362,53245,42956,36962,65348,72706,10179,69447,17708,2360,11527,26897,79800,77986,47677,62906,67554,19445,22911,17407,55658,5959,9776,46670,40893,32922,47238,48497,40643,53311,52245,62377,57447,48280,42751,54091,19858,17404,62624,32821,33142,55990,75708,61805,79330,6361,38556,69524,64658,45174,64891,17222,58571,19001,62168,19816,30499,43661,9185,72530,73743,77047,47870,22277,55049,53726,39893,35361,28937,1316,62889,46855,10617,34432,63690,51495,60211,5980,55992,33173,63875,69495,19600,42206,19438,26997,49973,15954,14530,42120,18835,61475,68283,58865,68938,20238,64748,20431,7971,24828,52243,43833,33917,63973,37923,4842,57136,10547,28126,3497,75434,41945,53049,38226,32257,39352,56602,45872,57898,42517,36395,15782,48729,4453,37846,26640,77034,14251,78992,33856,2221,33817,43797,14471,52240,60394,38653,71587,36653,48855,18930,64512,7553,13687,49656,58250,41031,906,61178,30827,17877,41102,19656,26723,63597,22522,36894,45152,28737,27192,8024,79149,59569,36158,60745,60418,61568,47865,55995,55433,8946,29503,45155,7279,42597,13627,50272,71451,65519,43369,18685,26617,8975,35167,65120,63770,61417,41760,61011,71248,10499,64544,78242,36718,71570,14870,74887,17267,54595,12211,18944,50107,12617,55537,72996,28605,19217,501,73374,14743,13293,10740,43298,16299,76415,73301,49068,54625,51712,9780,54244,59127,39347,57127,57753,52153,71387,79723,17483,59929,79221,62666,50738,13895,43521,36367,18496,34700,5705,12402,21820,4670,591,42849,44294,5399,21210,55295,57557,2268,56536,72018,74166,52656,16008,51799,7453,3604,17877,31476,66186,63711,51186,41142,16818,37808,18248,74515,74200,18345,72616,18522,19106,77129,31057,26001,4019,27860,64183,73306,60026,47689,61563,56111,69606,64,55055,31270,49677,34945,3512,68918,42462,14253,67272,32186,56160,33680,16936,68299,61313,74409,71747,48156,33019,15875,11945,45856,53079,57920,47806,55295,66389,57561,65496,49365,70356,3694,6279,63960,42286,30279,13515,2564,45865,10101,23537,62276,16083,30291,18968,60250,9906,21982,36584,62054,47836,24495,30545,5703,38315,58134,71272,72616,59400,78027,36948,32207,1449,39854,61622,19501,26011,25816,23791,40142,9446,33648,22092,51329,76805,39635,23709,59582,52183,12258,46841,79117,46765,30237,375,70861,21552,59587,16484,36994,50687,19482,44159,44951,32844,418,18798,24662,33720,27934,823,7592,4765,60200,37295,29155,68613,14387,10221,79114,19612,26606,23355,4093,57116,20560,22507,57669,42023,6784,58544,65795,46873,37610,75842,16729,71227,68406,6909,31883,14901,59271,64438,30117,67366,41495,14625,40099,19777,34921,55021,34748,15047,2390,559,48595,65783,24127,7454,42894,20849,5548,4533,3861,34264,32465,4030,38176,63206,78413,65447,44273,76965,11719,26156,22957,46047,11703,48508,18931,47188,25411,60515,49637,58741,45445,76952,10251,32344,30591,12465,30926,11553,40925,68504,48468,10629,15996,76951,78303,47233,32684,72916,37169,40591,16324,21941,53288,27754,60806,17900,25812,10402,56870,9530,49952,20177,74758,31968,39512,33585,78876,67050,75164,62779,50638,15379,14237,47135,59544,63179,51732,27830,76870,43711,19699,35185,42618,25673,78375,5916,52747,34836,42197,14082,17378,26747,48941,61654,42540,73950,5656,7209,60080,17581,59539,65397,66764,27963,36451,33744,20453,37234,15578,41653,29296,44780,40983,25748,15930,54473,27655,55111,17437,67096,69634,11644,50936,3830,50582,18249,51629,45312,67666,51981,78931,19177,12221,68589,30249,26155,63756,61992,49634,41632,33106,73059,1162,69262,68686,34146,3171,49965,68397,51539,18961,22348,34023,13019,53314,14957,62594,52954,7034,63937,10698,73929,10422,29162,44196,50574,45023,46618,32876,31663,53723,18006,29014,52571,6082,32282,24636,74432,19345,74342,44435,24560,14241,27296,55134,6893,67205,43576,70391,47374,45777,57237,29869,45935,49904,9347,29498,61342,16817,46774,48335,12111,60694,67560,54788,49473,34454,9610,60005,61197,19550,34559,1861,69156,47489,55540,30987,46030,61045,43437,57762,68101,1516,18975,31513,12973,29531,35736,47869,29357,74042,24173,58302,46899,48207,5105,23923,50951,69705,46311,45564,72378,74865,53581,39615,66729,34113,60067,10765,6982,13571,72992,35320,40585,27849,55971,73034,76732,26218,32217,36560,12037,54674,51411,66323,37717,38320,79285,63662,12100,54126,29421,26201,63124,15905,67458,47066,74511,71260,10931,4096,10711,42365,32030,58012,11894,25261,4331,57840,17401,11216,61726,8453,6549,18904,64773,16443,64776,57157,62817,38589,1486,79602,32780,71329,15593,78263,11966,69993,73266,47873,4389,30574,70657,73458,19858,2859,49920,5494,17366,43710,50223,72756,9513,78929,59038,40375,42975,27109,55962,63435,8396,49902,33052,594,13804,39592,28840,74311,75775,49540,1720,51308,9915,77028,11807,31916,8202,54941,69062,58565,72510,40768,66121,4269,18839,64741,63595,48184,19658,71782,15270,27048,35103,71041,1851,65121,77221,59356,18876,19340,41441,52459,57868,35740,79390,60100,77570,48536,52013,75421,10992,2864,28275,71983,29210,32314,79903,45541,56792,72961,12596,10870,3834,30597,43452,31464,26306,69335,21467,71960,11014,66859,21159,8063,39365,32842,76865,43753,45622,55539,48721,26979,194,76181,65421,17157,23411,49953,260,23892,2198,34720,47956,28619,53334,24801,31913,54804,76898,26595,54439,74772,49741,5653,22423,76567,189,27236,13151,7523,38162,19313,71730,51516,79999,47229,24116,77247,22102,21417,67189,19284,65508,11597,58651,23953,37742,35008,45842,58003,31765,75036,5697,29987,28541,35235,31382,56393,36693,30817,47150,64244,53857,26466,60099,67311,69423,41361,6101,30479,29181,70746,20336,55494,16155,71302,9624,54615,55813,67185,49928,78766,60046,12401,26559,7720,51211,27347,71457,27656,56652,68884,66889,67121,79076,61793,49053,13787,49334,38529,66596,48172,40999,23043,55272,71129,32298,24945,9844,29750,11202,33361,55066,29247,64537,33548,4401,51636,45183,52629,60853,54636,26780,7151,37409,30455,19791,18743,44139,70821,38884,76284,59167,55791,39503,49032,41053,33987,29794,59446,51687,43210,5002,75801,27584,12490,17872,32390,46083,18856,65622,58589,52310,32860,1649,54617,41388,18752,41744,9069,27112,50635,27572,52419,66881,72335,11819,61370,27703,14755,18173,49813,14649,50621,67839,77069,32127,61184,63299,71238,10727,21211,762,46252,7366,74066,60234,17894,65525,50295,26449,24744,79042,8038,44591,25781,62744,36743,23416,71843,65197,66248,69163,54692,6303,20347,25210,1330,40317,54896,9367,24178,3139,49373,37934,66899,19454,37377,18059,22379,39106,66666,30643,40427,58792,27715,66643,25477,6829,26982,79413,49313,42957,46719,50215,5784,51822,11582,20609,64677,20188,46205,40512,23696,5269,63181,60428,46713,45201,45517,67559,70753,28532,71265,17531,31646,54332,8287,31444,33703,39257,70128,60785,43837,58043,2138,64464,63950,17391,3486,55714,50767,24519,37458,73485,49510,24978,77529,52330,3370,31903,63457,44574,47511,58347,40563,10320,7601,67995,41335,20610,17829,6939,47422,61931,31681,79916,5577,4557,1895,62564,60117,61213,56271,31834,53187,23048,13597,31816,37341,39899,30164,3284,13826,26936,56295,37415,64986,36750,40186,14377,61122,18196,36850,41018,40814,76939,70662,44516,4667,38930,25777,33444,60890,65890,69598,29188,441,41052,59848,14534,8457,55899,46301,33072,5520,18351,66156,40021,49108,45008,52327,23461,6873,61353,42762,21422,78809,30076,62940,21358,55919,71554,52191,14349,40937,11968,60171,21309,77225,57046,64293,18370,8273,4067,73161,69987,62819,74846,78605,70588,17361,31296,5837,70520,39526,54269,74986,60718,33705,74672,45704,72365,43661,67659,47899,74296,4444,23606,55997,29180,65088,48678,33171,31870,8659,34027,38361,67327,4431,38480,62673,63142,21446,12124,76945,69523,71748,26096,6567,74935,76201,68535,44481,37482,8658,72782,79078,29600,77599,22224,19046,56783,41149,26177,79402,60948,24259,115,26504,6640,2298,10023,50702,47387,57288,24600,21134,644,55822,4146,32229,8130,51496,14755,48444,49059,72431,78756,17517,49912,68597,12319,41727,64222,503,61300,30795,52912,73621,10483,56756,78815,77309,49282,2497,45116,67456,38432,30379,52216,65070,52980,48394,6531,8088,53433,79437,56143,76982,20604,19014,43333,24988,18484,64462,54175,41096,780,47908,48841,47519,10498,50303,17271,4750,18546,6475,40465,34669,43639,5316,10377,16730,17995,31448,41615,27630,20637,58185,26097,53546,48819,17259,40785,77803,24034,60311,3234,75250,23360,15969,4146,18465,54295,38256,67235,27859,7463,9285,79003,68736,67320,70788,55591,35195,61608,73265,57803,61022,75968,10686,74055,44966,13936,39326,30047,5833,31138,15200,26946,23477,51500,53108,16881,74018,30292,73680,27087,63941,77024,20097,15286,50221,58317,47048,2750,78908,63099,63957,7681,32667,79958,37214,22731,66390,79813,61456,8941,41672,11339,34214,68167,39582,16995,71385,7779,41341,10380,19311,65537,17074,22630,3208,70130,88,8035,9060,70747,47322,62557,6294,68782,69969,10154,60241,59564,74296,2314,36121,46647,58802,10533,45502,8437,22920,23213,75175,571,75633,51729,25381,74610,29351,20257,63772,16086,45599,68628,64323,78206,13498,70819,23175,65550,40480,12754,39316,11579,15271,74900,42239,70443,57849,75479,76147,37802,57639,37824,66361,57567,69819,60508,77257,19591,39837,76332,35332,10158,37503,4443,74470,51937,17043,64175,76404,42395,34390,15928,75740,37934,57115,29067,31977,51191,70847,76562,9558,52717,16565,33265,5526,33234,30819,44419,10563,33876,49994,13677,17229,31684,63720,42474,60594,53322,10649,66829,76319,61400,4712,56948,26046,51650,74147,74819,34140,16777,17469,49501,7244,2347,7030,57772,511,45345,67501,58383,42807,24333,27401,57769,28082,26230,51018,43512,58047,36565,35960,21176,39350,11449,79665,71714,9217,69351,62857,74817,77778,71345,31941,12531,65490,15734,58973,66275,71429,21882,14786,42561,68390,49461,76257,29387,68277,12560,59078,29964,14672,11445,62413,33000,75523,67402,39638,2603,43741,79227,50375,31989,56526,20017,65742,74172,58818,8901,62361,33622,53673,70840,75631,72856,8903,16024,50363,15528,35050,49573,4212,12063,71340,45113,9791,51384,61586,62823,20596,52446,5561,34265,52220,51361,50513,59313,2040,31814,70449,17135,9602,65391,52968,27462,14060,60540,25743,52985,53244,56973,3369,36796,2870,5713,63750,54845,17141,78057,23082,24778,66110,49318,37206,10382,71799,5538,54160,19157,61208,20838,38940,5205,39414,76698,38363,4110,68610,42918,38526,4175,63907,11376,21423,78053,50239,64625,34591,58873,2944,55045,4582,38663,6439,45484,26145,44864,23709,32086,18125,11931,5332,12360,20255,40274,41413,64616,77651,75184,78526,62131,2812,50464,75714,71303,49720,30740,68864,18655,72099,13705,54680,72501,50561,29327,73007,1106,78141,74904,73706,41453,53749,50912,73142,28635,17391,57295,23152,14336,74416,14763,39041,23013,46108,61932,65219,69059,21036,77077,35036,31443,34605,9242,66745,42652,32086,79959,72899,28774,34438,21164,17182,7444,60660,46741,16905,32575,39908,5433,55621,58549,64587,6955,22750,73433,49576,65324,40967,40220,36465,20753,46884,69531,48319,12156,56263,31751,47618,12377,46187,31833,8654,48041,70030,40715,5633,74660,46415,67945,1638,50472,12582,292,299,75211,23468,60575,14297,28381,48908,8704,67112,18080,52519,24156,57385,79525,12418,67566,35703,62810,23877,49086,19790,15851,17493,10183,51923,21137,23908,29415,37633,14026,6454,78970,28533,828,78004,28214,1640,57962,25122,49310,38933,19567,44470,48736,49632,14180,25450,44470,1069,55378,58502,25313,21681,2902,65665,34521,61381,30496,10810,8543,28183,78723,18377,32588,31394,71532,47325,68228,68442,2444,74950,67281,25934,58961,4219,12940,22843,53879,16848,63676,66235,30110,31427,7373,48701,22149,71887,21401,56547,70625,32252,35244,45394,78456,70454,26599,38691,77726,31035,13419,71497,5395,43213,40089,72910,23407,16502,54164,41646,71425,37278,78490,3051,69968,32478,3756,41680,62535,6648,26824,52336,12962,57665,53086,64754,70620,72300,26535,58656,14045,25235,22989,33785,79267,34430,986,8819,50649,2402,25082,66213,43617,35906,74173,26881,62628,73267,19394,59275,5439,49853,66875,51748,52691,7233,7922,37911,46365,30718,25738,60251,73210,61625,61510,4945,71792,25049,15443,42124,39255,56096,32611,20594,36327,77139,34920,72055,76655,49091,14037,47130,55685,66380,55575,59138,62793,29291,12881,23171,67767,78057,59138,61217,7458,13437,11067,52574,52278,34863,25087,64511,75156,46874,78008,49248,70715,66335,14796,77312,1627,31112,64045,50509,34472,34958,11174,21249,51638,12851,6733,27790,45199,23594,22811,38110,73957,15116,30700,1943,54824,37762,20566,19113,75969,17492,79691,42954,71836,24937,16127,43822,64689,26478,40941,5134,79208,25009,23108,43289,66315,24968,25194,55550,14519,42762,76329,74478,35316,23407,343,65981,39749,50169,70675,50590,52988,8327,41556,44033,17670,33967,35080,79560,57852,20929,60443,25102,50289,61515,12251,57975,15963,73172,24510,33695,40575,53782,38572,39136,26133,46806,17073,78263,28180,70702,13648,56507,28413,34340,70020,70092,31030,17299,73944,8924,44196,6830,58445,32858,7674,7532,79178,32216,4807,46426,12182,22156,23663,25109,24578,79931,5684,66222,67720,1510,53548,64764,7855,70933,31433,68423,31514,14144,42603,55877,23149,4221,67550,50653,39952,46388,4032,60233,44764,50619,57383,65390,62056,46566,21454,57307,7995,68804,43092,33977,74543,6291,4074,50337,20177,62271,25758,51122,71180,79927,61270,23392,29667,67412,7814,21552,53892,59412,76294,134,25960,6084,74246,51972,9659,68988,52727,763,18554,29494,52353,44451,27285,13422,50991,41516,4303,78453,10046,26473,45889,46135,5598,56030,77579,40074,57066,38436,66176,21083,22117,67393,74254,17584,1652,74742,90,57116,28194,29113,57536,12589,988,57184,20881,72002,37742,67687,60566,24365,75054,51202,25177,38018,41527,15060,15507,73632,15542,63420,6731,72808,50336,46593,73350,7244,13853,60818,35019,7626,75820,42955,57354,16403,40708,60058,6267,16609,37771,69661,14858,77789,16031,10662,56147,56425,66617,11235,55429,46653,73346,76819,22069,75473,64564,65441,79644,66559,54347,38488,60551,61241,31712,27380,77235,70460,25222,17309,8147,36312,1804,57903,58784,22997,27318,37917,71508,39675,19051,11136,24166,69554,11827,21841,22347,53386,22051,27948,55278,33137,44470,20101,73048,30414,54338,43029,1499,30267,22368,38333,7455,14686,29587,3976,55902,77414,586,67873,4424,22823,78834,2483,70430,57612,55504,19210,47736,52549,29558,73819,64927,73192,36611,15991,65811,37784,3091,38454,68915,8113,37506,7200,12094,48542,46662,15023,66069,59008,35997,4506,7292,72361,35793,44389,45702,32132,36779,64247,34646,8860,30062,53513,49891,61593,21252,54121,60064,56945,29049,59844,67287,10733,66544,51712,49795,24728,26329,17458,4920,18746,59875,46036,46202,12295,33221,31586,41900,40602,2323,33444,56960,59645,34793,44670,10908,1626,35219,55790,20268,30303,78301,48680,50476,641,30970,71445,22962,29102,15710,25157,12346,25308,30265,5561,54264,44817,18888,1652,61112,78252,28378,7937,4500,13119,4729,24594,46333,8248,49351,74908,78277,28433,41734,51267,38147,22485,77862,38288,40452,36601,76322,47500,29926,28862,15648,49530,18652,47188,37230,46086,78251,69059,77572,46695,6908,68673,7453,11840,56897,44418,68887,46748,70827,31554,39992,68092,37431,50627,67721,71482,42295,21870,19496,70349,13134,19892,29162,39649,56965,55300,34544,66033,47943,40501,58011,58628,7398,59629,73442,53769,33,75651,16223,39045,65680,23758,9550,14778,31346,47560,58722,48033,37943,19695,36370,13418,16900,64081,43427,71772,30427,46180,4947,7296,15411,24094,65137,59621,66646,12226,53238,8012,75160,19655,9478,39833,1466,77949,60151,31789,30265,28303,17104,72645,76096,53199,17324,76273,19525,20513,46368,7336,48759,3842,65047,59240,12065,4585,58720,17999,50132,34845,7926,4985,68774,4979,24156,29128,36973,69051,15562,75516,39966,24207,4680,77744,14042,62717,19476,33319,15109,72751,11019,43115,17386,30212,29803,44077,77554,57712,45669,74232,1479,74490,8627,35791,74840,72127,24242,1894,71645,48470,78016,38581,73241,22309,1494,64291,72256,21964,47535,75635,66071,47889,72413,56268,65473,61881,45167,53514,12819,9914,12940,29990,42579,27045,4934,79045,77009,7816,77733,46146,29020,54680,49389,6757,6698,56698,77267,36397,75968,49146,9593,13554,43070,23533,45613,50909,61186,20821,22969,54968,61858,24796,3464,65571,20864,25958,24055,10605,78331,3447,11720,25002,59356,33748,7977,52232,35334,55274,31048,59234,16269,9117,27778,27247,28526,4025,22958,53983,64072,57628,43410,23320,25106,55109,12165,49961,47693,47440,11318,67797,60271,69418,73091,991,25688,36575,46765,47100,3665,24591,32236,55742,42547,48379,79490,57741,60662,14465,72349,4665,27448,44883,10137,56527,33117,31920,7598,40774,12331,40782,73961,19333,56394,47354,67832,10897,40151,9471,57991,62660,21494,31389,75013,137,69901,3902,26022,27642,42977,78295,12019,76381,51083,53773,66798,49569,74680,44833,49636,57407,36927,67445,46729,24956,18358,70583,39067,71084,12420,63880,45904,51969,24216,4329,11130,64535,7849,51468,20281,76036,17967,24042,67284,9031,51583,73279,25326,68268,51406,46549,77013,54295,22816,53330,77771,35970,30602,77444,49136,68101,1060,38371,37704,65684,35075,19115,26978,61029,5096,35513,15053,11496,6738,8721,65248,17728,63801,60563,51043,29629,6959,54409,22224,6908,38081,59542,5883,20361,65954,25015,27275,21141,28006,16575,2477,49265,2260,53107,48218,47293,43717,19829,42226,42302,69699,44502,7700,42439,59410,21275,12179,1954,3499,63888,13588,24691,51102,69053,53956,79725,14376,34386,67706,57185,5756,60175,28376,5727,72386,374,38453,55108,8324,43889,45259,76756,52631,8079,79497,35284,17256,26841,1714,21043,58521,6974,74295,53924,14307,72261,4285,69367,22069,60415,8521,1510,71912,1127,18466,29597,382,69701,4111,66875,77602,30810,78285,57068,14137,63852,48876,43756,21492,27878,32011,11003,28517,21655,39465,12133,10318,27304,16935,9871,58958,33814,47337,32393,18477,22566,76642,31328,55648,9785,48737,69285,69912,22783,7893,70832,5683,36586,858,72967,76781,62565,54558,25167,77611,14743,46236,43918,65650,66042,77489,79019,33876,21582,75795,37288,38909,63894,66783,42486,66079,56072,14574,6292,8525,8342,40878,55180,50648,48794,43031,75546,11752,19244,73072,74256,57755,66066,54734,29479,72640,33171,54330,44076,40870,22665,5486,14795,13175,57378,15946,62312,45733,36100,15676,41188,50061,15943,21539,68106,69903,58776,66202,11620,65306,44893,73871,16275,42168,12828,12941,72213,31936,64923,31788,63689,44177,5818,21824,8091,2041,56167,43465,39945,72636,32226,46566,19155,9273,24694,4573,23095,46848,57133,34529,27532,21107,27458,53151,69057,24282,22920,31333,60911,18762,36930,73918,42488,21094,41873,71148,75204,36945,31564,25582,21862,36956,4193,18641,17059,3368,57189,6830,45889,58844,18978,56095,28313,20558,71417,46967,22826,8980,34354,48691,43999,6341,67962,39996,20391,78757,62982,6794,61019,54659,11490,2389,1077,5685,2114,3807,28197,48406,26702,59048,5792,6504,29045,39092,26299,73234,23436,25297,75075,26022,48677,69662,28164,17758,74400,13115,41181,21015,71447,60902,65415,3031,71090,62708,8883,1710,59537,41918,75066,47045,45320,53928,18765,16282,14282,60663,42654,21812,9202,50466,2743,66062,58196,31,79501,17666,38848,36854,39833,7828,62397,62256,8060,74484,19576,118,65155,78111,53971,4856,31904,15270,50928,70493,68689,3676,76352,40325,894,2947,31603,69570,50466,36481,47695,719,27942,56215,27997,59320,65845,6464,16959,70928,35451,4478,12708,51937,12514,6305,64859,78465,64213,19604,14597,64032,32833,23888,7889,14207,69797,60895,9398,24016,44208,61067,70097,20590,63916,49074,33701,38996,63427,22575,39577,68496,3812,23112,31872,13723,50995,10111,15886,38710,12948,33269,28932,22743,47378,14030,58940,13054,42327,68172,71554,8687,58527,76378,56934,11430,68911,78836,14681,61312,78496,61930,33603,49980,60965,61985,49667,50286,12770,49290,43747,1374,9058,22769,64538,56439,3905,11204,50894,66484,78400,43278,5199,3523,66063,112,59124,69462,22960,59304,39668,53274,10143,66413,26802,55973,41701,64504,56307,51316,4045,74720,69344,73147,13387,22419,53108,71536,20303,33382,28195,64836,18040,45028,71876,13516,20732,78084,64597,2534,40787,4946,71584,12792,35277,64606,20591,53875,32953,46114,38621,42436,33189,24330,68683,77416,28034,70727,14247,79136,20485,33054,15869,26527,5802,17984,68264,76388,59441,72944,15102,70782,73224,32388,23286,54737,55283,78648,21739,5241,43018,1638,42044,22320,19356,48291,32364,76355,5506,54886,20487,42784,76832,28083,31934,63063,36918,35360,76797,67972,66230,74422,65722,63215,29333,21233,8622,74117,32692,59613,18186,49295,22033,2693,12327,7472,4478,73532,7227,65285,60852,3170,64539,34394,37139,36152,49967,62749,15608,11505,40722,49440,57059,25803,30825,69098,20140,9045,37904,27045,13274,45833,35288,17935,28986,46916,46079,20885,13596,13730,25783,39776,30861,8591,5405,43565,78909,49463,27972,47842,10055,60162,61309,43516,38349,43557,68410,2505,66882,11287,16890,21690,2644,3459,32482,26779,56616,40580,24268,13990,49237,68957,68761,1171,25830,8758,28635,20942,41040,26715,41512,30046,34364,45516,51390,41631,6404,59665,26216,14382,60451,20373,51073,49416,27192,41133,44467,31202,64991,61191,52287,569,61084,46106,63084,44208,7173,58028,51455,79731,76012,62355,63967,37699,7875,65904,60637,30394,12258,39655,21373,59108,27666,35044,21331,70991,39677,51409,890,24675,74039,78408,62917,1792,38392,34798,72635,34030,10106,51166,6105,74678,72416,5030,25720,62011,28347,51731,42415,39187,63831,67107,33577,34552,79044,21083,51927,52971,65511,72988,29573,30852,53290,78344,58583,9832,50754,7385,180,24891,46145,25832,13839,4932,61843,25034,7123,23411,41383,5606,66242,33502,27024,25027,53453,69027,8508,75208,23540,33515,5911,19056,1807,7745,77582,72645,28277,22946,42955,18361,22596,52957,75949,152,364,76034,43652,66319,3497,28209,10452,63183,60814,9710,22386,35363,68025,2410,54265,38182,76428,73440,76597,26253,23753,41901,12876,75272,38156,39757,26271,74071,67994,14600,1612,36756,27200,28374,30844,71065,26030,65324,41625,52303,79194,63174,13715,48701,9832,61034,33062,62341,7826,2643,43582,62716,1387,32310,72088,16457,6461,51720,12601,30343,6922,39299,48488,13455,12637,36128,36796,20093,30850,70649,79444,20451,62585,7313,53982,57691,3950,1601,43392,56944,39090,63966,6775,57833,41722,55710,3342,22093,36812,47541,31532,8889,18989,41867,51802,70956,71034,76648,40575,69555,42263,48105,63963,18467,27462,54544,28203,13581,10628,22511,1925,2797,10859,59531,69224,74664,9625,24335,47066,69116,72895,22713,24038,54608,9931,60569,14234,348,63138,47825,52919,18858,76524,47686,18234,78432,31019,51064,42785,24747,69559,69916,13065,40454,57715,27095,76003,59490,19917,33579,7020,21436,25743,64356,70674,25853,5570,52354,45182,62620,66443,54445,29009,25489,10528,2047,20401,64879,79069,28266,65126,35255,51590,16192,66296,9161,12845,45468,22111,26065,56033,40603,53656,33791,68108,32154,49427,53456,4477,5233,25223,48785,53161,42191,53712,36224,59253,51346,23019,16871,56396,45773,47964,75834,48921,65579,56994,4511,48225,16197,43782,7027,27890,46944,23431,72941,76541,37565,65410,73357,22793,55449,48310,48669,3985,21854,23996,47057,61609,58480,70790,25176,16062,42065,2148,56163,29158,57538,40450,55072,36130,10420,72958,26021,59336,14639,5017,622,69818,75092,29376,31400,4169,79243,65312,43484,26846,24987,14579,3739,39235,36788,12385,17482,48583,58976,55549,43167,8132,66591,39821,11004,60799,29179,20890,74154,75873,76802,27499,68611,38341,77140,75149,61577,37576,36761,12965,72287,33270,21125,23271,68987,77874,21817,56227,39578,52063,52183,30396,21952,54006,22474,73673,71145,43279,31986,28531,19513,37706,9811,9876,31368,15108,39967,1392,17295,53196,51852,7380,16351,78981,6894,17273,60997,51753,38288,31249,20845,61689,30680,76587,29521,79389,32935,68636,54783,60360,75961,73844,36887,17320,67238,16916,4238,17134,69762,20190,76560,1232,67955,33144,71555,71930,22813,4496,45446,63033,71529,24436,30378,42652,24179,27660,22597,74147,64634,32428,16432,27380,6126,67394,43859,32342,52998,59924,34732,23881,15347,5776,11397,4764,37515,65290,6597,15760,40899,78879,48634,45317,31332,27760,33621,24900,21252,44524,36548,42366,47495,4853,10229,27940,22724,51618,60023,27494,1621,60734,51969,49540,45670,48634,64561,78622,78913,1089,33060,10132,7643,53009,53330,48986,52561,24229,39928,25600,11775,39835,3872,55660,5084,60009,754,52911,26597,71460,62399,33583,3104,78430,27450,29275,18236,78426,43424,31370,34500,43419,4672,50485,38004,2279,61334,3383,55727,2071,14334,22696,32543,2449,53050,79601,58306,20139,10092,28147,25028,54645,73746,75461,46918,48156,8195,28871,25759,12326,16721,79002,36283,45460,42942,55641,34568,54064,46590,29873,9819,59580,28700,36224,1347,66727,78561,41758,24796,47079,75244,39873,49053,25852,45997,42302,72457,71888,35120,53328,11745,49415,24983,58820,75681,25803,28374,42662,62789,57570,650,6334,39294,16554,66940,51025,9304,38492,72607,76251,16802,42276,42221,50620,62355,73975,19142,33691,28803,32303,49417,74738,48305,70214,6555,39500,60703,66273,45116,684,19582,62406,65295,2514,4259,51248,57102,14103,26862,55687,48739,56456,59059,50371,55702,8249,65431,23908,67302,28039,24360,13057,55663,47353,28816,23577,50482,76508,46589,78402,48488,18510,70409,20870,30620,33635,72131,32422,9372,10393,26528,73785,57278,64508,5020,42135,28845,9836,56314,11062,41852,23886,62603,30898,46383,77557,75070,26080,37127,21923,59364,14734,3693,13398,33261,69956,40000,13540,37242,26551,60659,29455,3735,54448,9700,44545,61003,59231,59203,73327,29291,56677,36201,49753,78556,11421,75321,52328,51984,13103,13677,47805,46282,46020,51934,62472,63827,26989,28235,18481,27135,15188,1818,75176,24140,63831,45055,33003,40751,11721,27535,71864,18472,33128,31257,12548,74623,39196,68544,54572,42196,75777,72806,46748,20332,68657,60188,66254,29854,41000,27196,72605,43088,16820,71182,18032,51804,36930,4852,3841,4502,53314,48098,5589,65734,60461,75782,59734,66083,38790,71287,52347,52971,43318,33199,63829,10473,2631,19607,41411,8477,47177,7167,7938,50265,42202,28298,18207,56164,30633,37142,44653,636,29479,27884,34739,53014,39417,61664,53149,63913,77885,61095,34590,2215,61125,58780,59625,69187,55838,28572,78117,47985,57328,22291,22848,74233,59919,72382,46395,68122,3017,28201,14533,48967,5279,58810,8537,42640,12712,11934,68083,47892,29965,11880,43608,16909,31888,46075,30726,35063,32136,66785,51212,76134,4792,1890,34085,36705,65335,15245,63754,53997,36679,12684,8089,45085,63958,48152,70361,78780,34651,26289,56163,50164,22266,74284,48330,9153,73699,58367,36951,61572,48256,26481,43257,50425,48357,22332,58360,47468,32863,71527,16757,29014,20909,43562,297,16279,18197,26357,17229,73336,66374,6542,50050,18403,16979,44522,61921,60906,12582,2062,50973,19179,49684,11299,79200,17473,11183,66752,34100,38863,19816,75367,43752,13180,75806,58077,11229,66731,1606,25318,68818,47153,57598,15005,24736,2250,76849,3223,72858,13691,39946,2807,54625,72185,22606,70828,78347,78218,34299,23068,6125,3013,73882,24774,24645,22667,15841,47109,6304,40461,14484,78229,21943,28364,15,6617,30611,22492,55286,74852,30685,18511,640,67020,61246,64471,4140,19337,65338,33418,60877,73597,46651,76988,44329,79596,60706,54586,30955,48918,61072,62843,64776,860,24594,43572,25116,13117,43897,61097,5899,24460,34250,71802,31855,58702,56680,16770,22554,77516,5187,66869,74694,41007,63341,39064,72365,33394,36366,69360,65659,49406,32074,68429,29351,44998,40440,36254,74829,41791,75544,49900,34254,31854,78480,10897,65011,21705,48835,72091,75473,20885,70904,78382,10698,57912,62505,47718,41646,9812,70357,67864,28331,29102,19172,46529,44937,70823,67695,67081,71481,22485,21738,25093,76895,26812,27056,70863,4147,74421,54347,24645,60230,53782,43391,3784,41380,23483,16532,30327,54841,72612,63833,22697,66733,15492,16322,76457,12859,2111,61083,23372,10958,71522,11559,18334,1689,53501,36442,24975,45256,57489,64089,60767,78781,64721,61282,75042,34295,13400,44113,44620,8321,59844,74245,50823,36749,51685,43463,8927,39625,17948,34016,2614,19246,23640,24546,50135,16364,32445,52926,22390,38270,45351,69308,16828,52175,15098,49853,47506,29920,1715,13349,27869,50000,10256,3811,74732,48109,46435,50638,15240,18171,21724,28429,27511,61035,28860,69471,23745,60455,33739,63447,29461,51316,2471,1607,16227,22771,6604,30656,41745,41359,14015,54742,61942,18183,5203,35734,75729,46817,27506,70797,44947,65022,17928,37061,38101,2919,47630,64891,3732,78739,30436,30463,6547,73316,71627,38573,23645,63533,38573,72019,8961,25118,16183,24244,74410,716,42027,17335,66210,19418,6694,25678,22016,29383,19721,29366,70005,31747,32767,74978,37568,67740,55547,30622,74182,19574,49626,76881,76675,16494,23005,50642,50319,65943,20381,15107,74565,69296,16764,71037,25240,21764,63480,30302,61509,8643,42430,7795,65078,16391,58459,18839,66186,70159,52057,51380,14613,4057,21563,25587,74022,32539,35058,49906,36552,5581,4789,63066,58383,10578,56610,17388,57036,27807,2386,141,35196,2952,31101,19888,26794,61863,75134,34932,20915,65783,25106,36202,48830,51071,2171,49229,9464,71255,56850,38745,130,39209,15609,25689,62069,16229,47065,29161,21523,1084,50462,49336,75737,5959,20792,70833,20149,33268,62916,79266,51603,17821,12971,47189,58602,32189,36807,79335,24330,22001,58828,58354,25491,51742,9198,25204,56309,24372,57448,6736,9828,6386,20213,18708,56759,24870,79113,51232,69089,13015,41985,57195,75836,50369,37236,24844,55091,5722,4296,42824,32910,49491,65048,38492,11342,42591,74226,18556,6928,10969,7542,23936,64388,44338,55467,5393,58275,15893,63791,33316,26536,49427,21956,56330,29241,48036,50851,12896,61610,52509,42847,30078,7175,10141,34800,7512,75046,27936,56736,28134,71812,25629,4829,8618,40335,8853,402,69527,3386,19033,59010,20642,6471,6126,31390,29327,25829,71734,4060,59296,31929,55630,29978,19042,48055,7486,68725,72018,46605,57051,4585,46983,1089,28908,62842,74878,52751,28243,61666,36793,22199,48344,38242,14046,884,76380,68706,71256,52495,73058,51565,77925,74305,76837,14583,17123,21397,36464,47227,5920,37144,25412,50375,9761,60273,6315,20166,6627,20389,18368,59429,22570,19580,22544,74355,18375,41167,75422,30922,79763,16310,47479,33091,14515,6356,23041,15687,7106,31276,6152,39325,18488,71666,775,22836,60016,4154,56518,1673,16107,23562,10452,5188,5902,44045,62662,79553,58977,35457,63200,72803,13292,66653,73658,32537,29260,40732,72318,54258,62870,2969,38905,75672,63104,57458,26480,51546,19373,23269,22961,8681,41637,28561,65425,532,12872,44949,3850,67532,41511,32750,17009,26360,68865,45650,27557,43859,20969,54327,57876,22185,51537,47384,48957,39879,34718,25556,46389,15252,46522,21683,75573,19341,36101,22913,69230,68936,34339,74306,32001,29322,60988,27011,32845,35545,64466,41251,22518,48330,40635,512,1631,69551,78486,49969,53584,37150,46495,19032,16880,74867,15355,11030,75288,75384,11609,13608,23629,29315,47300,7190,28876,48407,53936,54476,71766,33179,57373,51177,1788,69844,45292,60200,75186,50653,9424,46850,76153,13945,45862,58582,37090,15198,55318,37870,63073,56728,60214,18860,24829,49092,78196,24819,52381,18422,67881,41841,4107,22139,68887,13951,10106,27412,1891,63577,41062,61695,55225,22644,78650,43328,31894,4181,38559,11126,3240,4520,676,58582,28878,41730,41240,79303,42234,12597,17152,37782,34786,73089,10156,52644,41558,61614,42193,22961,74311,40791,5443,36932,55428,2272,70806,72650,78459,27763,18098,12641,70228,76216,59418,34558,43832,13019,13660,46729,55063,58184,56777,50519,4821,70894,44517,995,15040,24840,50867,30884,38424,62679,56886,47106,51792,57800,59716,57171,11175,77263,38895,63072,38269,63636,8686,20332,12243,13399,69518,52160,23327,48736,23941,8983,56090,68449,2291,29795,57006,74405,23872,68200,12010,60039,6500,28208,48234,43056,14577,18644,30510,1282,63471,21690,64489,37020,26578,74666,34295,73930,34040,59438,6102,39367,42930,9756,63135,58332,63452,6356,47806,60966,63979,47371,2392,45087,25729,19983,9462,10090,40930,53357,53873,41184,34646,67662,35426,16177,50663,29527,10918,62099,18087,23479,73505,67555,70943,46290,31281,37089,12052,21247,57791,48177,57943,28290,51930,6178,37959,34021,348,43684,24130,37227,79668,49789,37981,26630,39137,46801,64387,37227,33703,58171,28276,27787,26860,39252,50171,4875,457,73055,14639,49097,50801,45326,29479,8734,4519,30048,68862,72781,48982,54157,41860,43390,71482,38933,7618,36380,33633,59490,49293,78024,74042,51059,4569,73166,36392,5042,69104,30883,33439,7748,49849,28436,44441,59496,36491,49972,39087,12603,71373,68199,24680,21532,67941,58143,34158,2133,55789,73298,4184,43921,21346,41796,6923,24646,54637,62124,30046,62579,73429,10774,45799,56646,22189,77137,71055,45865,14196,43280,9035,27771,6620,15885,17466,15475,26786,72965,43066,18410,61139,49552,40754,1444,59801,19174,48810,62449,71698,61362,62665,58127,52842,10589,5004,73207,71959,46433,17096,42853,63770,54105,372,45792,16078,7961,45973,32738,26818,6697,50094,38241,69046,52961,5544,17744,6110,27589,29566,77769,50647,42123,45468,58921,79178,48142,4920,5344,16074,10947,77727,8971,19813,7121,3475,12908,1349,53513,41566,76883,31924,71921,68856,30761,25905,60703,59209,57548,52331,1735,7159,39358,26817,37876,32096,35756,41783,33279,76642,73758,45555,9564,34436,70551,26292,54297,20859,76193,56373,19139,74014,29174,51067,1413,42496,49677,8911,57057,75977,15540,67111,65131,31001,62898,8578,22807,40709,74260,34478,74685,41032,45147,29701,73007,78391,50369,14708,37077,29840,33648,52611,71505,74366,61074,36402,72782,25168,27025,23133,70692,25499,30908,40543,9745,8533,34357,30239,27531,76153,47879,25912,19749,20076,51195,59841,8276,68960,77555,20204,27641,25587,62228,60169,18652,44676,7173,5232,27202,66362,19639,27327,77648,17237,79542,60049,5861,76577,41323,59765,30233,26156,11509,50970,35846,11837,3052,46581,68082,21143,42929,40379,62124,61576,33960,13812,60436,39068,47203,69286,28363,54513,12176,38118,29697,53721,36700,14372,28297,74250,27052,36238,56185,45994,1165,421,62521,41825,15976,48851,30951,72455,9749,12669,14296,4426,54031,40348,6737,74491,6814,46430,23990,43757,58478,42671,1104,59822,4752,68334,66447,7213,52879,14213,55324,67415,12940,45726,50230,56360,13340,18966,39351,50210,29354,49673,59212,77078,49850,71619,62320,54180,21712,16137,6853,28680,15980,8057,62643,48139,22047,29750,77078,63691,77708,7375,54563,61326,48735,75965,74428,36435,22809,27546,79824,65253,29169,60781,44995,27650,16337,23427,22971,7027,12414,57226,67535,13917,24861,78244,52971,29041,53111,10237,57132,48784,57558,58598,71762,55088,79393,13664,57887,1466,71223,56797,4811,7770,52755,7386,59306,55441,44598,7569,77398,58345,65469,34469,56226,63845,22096,74941,76723,11999,16672,42024,10582,52104,31404,6424,32627,44654,39483,27830,48587,57868,24868,66164,27306,16169,14508,35720,55359,55016,39869,32523,16510,36681,35080,30924,1974,15394,5998,43841,68196,17691,12543,59715,78051,42233,76066,33853,8259,78124,29578,38930,53592,39493,21764,24553,38142,32754,22590,18684,29408,61409,62590,48532,1321,75562,44614,51728,6224,48464,31457,41144,62402,3094,64961,47428,68074,9997,8456,18711,7012,57693,11873,48748,34481,31641,20463,33285,67660,47613,52156,64260,23544,65318,43414,70439,54406,26039,36329,77319,52467,57808,73340,11440,839,28058,47220,79810,10987,4312,23984,79051,64025,79145,64812,51021,30079,55541,64857,47413,57875,31209,2899,67769,22999,22555,61015,24447,74950,29955,16275,6178,52846,67779,5270,27848,41982,17345,76429,26151,18516,74398,51104,9804,19393,57889,34066,63474,48943,70890,73076,32576,5244,23714,46177,34472,72139,16569,66910,42144,9162,68339,64954,19004,31972,30778,28219,46275,30109,78623,43223,16368,42444,78849,17435,68159,35462,18742,57467,45749,35469,52526,5722,60247,66740,34354,56985,42092,4597,47326,39397,29679,6351,6236,67668,25716,34680,27284,13619,47351,63847,75756,12577,73415,2148,26537,24938,45916,53210,16308,27851,31050,23915,12535,60304,32615,30482,77355,400,45516,3805,49083,5347,22633,11177,61879,24957,70394,38275,4724,33041,61019,2750,78087,29920,21996,67174,18257,54237,45149,75084,24408,63820,58842,43386,11025,14143,78455,75501,50253,6809,45849,12309,28328,59135,55065,56670,24828,7889,76442,51802,18919,30299,46747,7460,47750,43189,40154,27945,4271,44199,57448,25108,39120,959,63386,7095,56113,7272,48486,73707,37089,55331,37063,56834,69065,36155,5933,51061,27612,4801,27175,13916,12987,4758,41180,28628,40726,53431,73921,62144,8030,44539,14985,9181,77092,900,48231,73130,46087,5095,16450,56577,23295,14680,35852,53875,20081,106,25811,73754,54949,55866,40091,43032,57158,20521,70891,34335,16305,18676,6228,5862,58487,8380,67784,73446,34292,37944,73056,23469,62563,31698,22323,80,40368,70658,33694,14569,7901,74691,23669,69214,2771,46726,70522,8238,78662,76837,77652,857,46866,68259,19342,67045,3560,67629,20660,55917,49853,61231,1222,53842,66208,10480,11929,1471,24194,42888,67483,50433,38500,21520,32405,173,59251,1801,25223,29685,65955,19972,77780,5017,11012,78625,37508,27385,8341,39994,13072,41664,64005,8232,4395,79591,1896,73063,56822,1357,23171,20214,71181,71732,16038,37328,49633,18819,22048,40018,52416,20680,17269,37394,42245,69103,51481,63451,35975,69133,37217,60852,40457,2706,521,46278,35639,20680,52400,53349,53430,62281,63553,67398,6583,70280,32335,31456,57399,31033,7843,15989,61291,76745,54728,56844,72278,46981,35127,7193,46279,70379,56070,43689,49727,52036,1647,75406,65042,6339,18165,76454,44725,40945,3757,51202,10260,54232,68451,50426,9034,25312,43761,9872,10678,6417,72304,68414,6012,38565,42161,8478,34778,10342,15763,1237,24449,34883,71888,79606,5377,68313,68607,7768,73721,43651,21497,73963,26774,3001,32948,78011,53415,54443,53172,54615,27377,21730,65049,23386,11441,25737,73817,29499,65953,2344,73237,27619,29848,57798,76627,67509,20558,62444,30478,73460,65563,60133,10575,22907,47142,43968,60514,24643,9577,75922,60918,13509,5375,77866,5967,75013,48169,15251,38758,17482,43389,48810,32299,21738,14640,11840,45038,25985,11131,20166,47918,22088,15140,31568,61588,59627,21499,62651,14386,9133,61696,13823,68662,46132,54507,54317,42759,45820,4520,47398,66582,43472,58571,4535,20556,21347,17557,13811,21485,39633,45930,30803,30438,78890,45245,3834,76463,43358,75931,20001,9450,10924,48241,74526,69511,45753,62100,61161,46019,11638,59782,54925,7974,50279,26070,73271,38553,4966,42817,29119,51756,2293,51632,64521,57207,39233,58117,27881,50301,74768,35186,11658,19368,808,31802,63928,41021,41470,10891,40106,18940,22610,249,67203,26609,66463,67024,7861,34942,61747,12470,34285,43544,39133,36527,47552,29828,71429,25254,59856,8594,71578,76013,35127,49510,18383,72173,18692,12387,44119,15751,39009,18966,6894,19747,73813,1990,53362,20671,30753,12163,26185,34934,59807,17196,62050,23295,55610,48853,39124,3032,49557,11049,35803,18092,75171,63119,926,39551,23462,48117,21154,9669,35033,822,16785,44644,47234,67136,70958,20187,14567,26566,58759,36286,27064,27444,58874,26350,67588,9738,11942,53277,53253,56570,72868,60158,22767,65102,74934,34048,14124,26443,39640,12680,48958,40751,45519,11943,518,28004,41774,12614,27777,59039,52392,50263,69654,26156,32589,57188,55912,16840,46223,36221,47215,16227,5956,49883,49056,64390,75037,24124,41882,10720,79201,59495,32211,40211,69639,54613,73586,75873,75885,70248,52225,52259,17138,28449,25270,2088,20913,45384,17450,39017,42107,10683,3242,6511,8092,34042,66548,25108,24604,71136,30752,43819,67553,75681,49183,28531,10699,37886,15993,28407,14242,34222,49128,73975,70808,71039,16733,35036,11773,25793,41565,2171,45958,53287,11336,27826,76084,5163,2452,58689,40043,73187,31142,65846,2354,50842,59702,22912,57703,70651,4422,1215,17129,39864,62571,63471,72032,4599,59157,32292,25691,9448,1751,56358,18820,554,7448,70202,35446,42264,8817,28972,394,71158,17648,12589,45808,26211,36398,63083,22829,60661,18816,69993,41530,21206,51693,77416,27309,39140,78199,33335,59957,57467,17919,24134,22942,20500,65312,53285,42539,22027,18356,34692,70842,3006,52906,70114,35708,22532,71242,46266,14215,70097,32836,5887,22965,55583,3144,8521,2619,75531,70973,1060,60574,70643,56467,47889,79066,19055,23213,7227,1270,48310,76939,10851,7169,16076,19078,20332,2858,33500,28744,74913,74183,25092,9257,45139,53252,45174,64689,50390,66580,25068,35226,72307,24950,54000,31270,49897,28652,13132,42309,22034,52936,31328,41585,71151,48663,4179,27170,21287,42098,39730,59768,13059,1855,24513,71562,48177,26619,20752,36444,21108,14552,25002,49390,73382,56578,40502,27061,8597,37074,65530,65816,60659,29771,6513,34021,42611,51369,75374,20307,44281,43153,59159,22061,68402,12942,59663,16513,20204,30,50187,22191,17264,14330,72864,27109,14391,7269,75572,64306,29291,70900,52143,45669,38450,11893,29358,48264,3177,12465,34533,36567,37914,72257,40629,23898,56552,64144,42237,49325,36845,71847,52790,27354,54756,45951,9274,69942,58472,39887,40288,51965,46038,3780,37373,17002,14780,42305,31009,31927,67604,77575,45034,18407,78726,6018,45807,21941,76413,32935,69445,52406,7736,29667,39345,44193,45044,67370,78966,5627,308,54077,37130,924,13009,17985,76663,36997,14327,5510,35836,6823,79648,62548,65445,6816,27090,25223,6219,45721,36790,48868,67325,29672,42015,42308,64513,4488,77532,17492,16839,74541,24782,30778,7129,11746,4550,6663,25062,47023,54105,20656,25452,27309,48938,31832,30057,3341,55211,41886,71915,50598,16997,44800,17471,12391,59313,37660,52671,52655,78139,13139,27156,41916,77280,46015,51547,51104,61057,39979,9163,63079,7399,63731,15012,42752,23888,22697,41704,53733,19233,75067,22573,23954,79787,47449,52925,11492,28316,79107,79106,20401,63884,49068,35614,22933,40001,63447,4570,50379,17482,60140,40077,44896,79988,74722,15912,45102,55994,31687,14291,710,60552,15755,42601,65025,78983,27614,13272,65929,3012,69927,38986,54256,26983,41223,55700,77896,25474,21872,22818,6370,64704,56853,15076,22654,1435,77681,5252,10862,59823,74577,56387,45603,24881,69165,7206,46762,62325,12117,48010,23774,50148,31709,10527,68319,33811,72636,77438,4180,73791,53747,19057,67081,34959,57075,28840,42944,56577,28604,73221,13368,28303,47254,71472,65287,71705,21041,41027,50042,14634,30450,52447,56156,60735,51793,37601,16409,27707,42629,3177,71058,9438,10370,41709,55481,7203,63531,68412,15238,2027,60562,31851,61526,37998,49668,46025,33989,71463,27233,70013,8084,69653,16214,13533,73238,70321,15976,6024,10589,23087,38040,53365,8131,10999,15020,25186,78924,19111,59304,1092,24295,25711,28251,28061,21372,381,47577,65958,3133,30557,5906,18494,21779,14950,31146,53689,18957,27271,45378,6764,9220,49067,37351,39978,6353,28215,61780,3718,10691,68166,6027,11512,65322,28079,15037,14925,2410,4168,53326,58142,15010,5943,2133,71745,117,78218,33640,13256,32964,40003,21214,48744,7083,13115,70416,44646,44064,19875,66582,72539,54050,11995,71418,36580,70374,79874,11506,57379,12882,15406,6904,6530,9408,5033,18557,26253,54463,39894,69680,73243,28683,37227,10518,68882,9307,34810,67175,40292,59045,64834,35638,56352,55435,32455,3891,48028,14026,22321,19907,65807,19809,59452,21783,937,79350,1642,54372,49567,42852,67391,62296,79081,75768,37222,2178,1694,233,11084,17344,32344,63739,26131,13756,11010,35919,13181,25121,16921,39514,17791,44189,19005,70362,16734,13801,76816,51959,62620,29481,6839,59646,28689,72038,72151,66204,62213,75510,28567,39349,27307,48199,37936,3693,63270,69319,22509,51503,74639,36772,18623,35583,57944,49198,22346,77384,3824,58573,38998,56068,53304,74519,54802,56380,50990,22620,70324,49556,25178,25065,9790,60982,68613,75033,42363,30692,50868,9984,37270,13558,16226,50921,2892,27485,53197,72888,59440,51546,32951,10493,31197,51779,12899,66952,37442,58973,37787,33230,57262,69593,60600,31317,45541,42378,30611,45475,2673,32981,66200,15657,63179,42095,39404,7112,5048,34938,70977,51416,53193,23457,75176,10516,43848,34641,234,41678,39063,29811,67254,14293,50428,58972,65797,48186,43352,35176,62957,28333,65937,46321,6754,52917,53565,70892,41905,62463,3594,15630,43441,79186,59367,60308,69306,13911,33875,18075,28402,57,58229,70981,512,9293,16629,3463,73092,6353,758,9036,60069,64052,50789,46374,54927,2219,25642,21976,4083,17903,76918,10307,26989,26155,31218,1051,62252,41760,31301,77097,16757,53272,50922,68778,65089,25960,52552,33814,67949,36954,29024,21716,47199,3642,56303,35619,47786,12392,45415,45340,23056,53648,10449,9558,29623,30667,4927,28165,35964,18389,41586,24590,4564,62904,25439,79395,13924,31637,2646,67357,69815,35369,1567,10343,62658,4916,67078,52349,14568,56406,53212,51597,76599,45941,63398,48964,41521,61232,33724,67187,19307,73591,21212,15400,55480,17851,9157,26208,52052,54667,74947,37150,66163,57511,6580,42200,23677,74573,25994,77115,44005,49249,35811,60279,78514,19673,70901,52083,31935,19943,44716,76064,26627,32009,49633,407,62522,37863,17846,74403,28197,44620,44589,33868,6397,3450,65706,9706,31526,53246,75522,24277,67694,77817,73680,4778,69237,26022,32233,31438,66477,45014,56933,42402,7078,649,73518,79931,57592,44410,43298,21135,29675,65406,792,51452,5829,37131,72390,56853,1834,37619,19046,17412,52825,188,56139,63557,18432,26489,15581,41231,64575,57338,9211,41319,46340,27288,10231,28429,54857,16001,74843,53740,72414,17519,65963,50489,55094,56451,59982,62883,31638,56135,74786,32405,8703,3362,41986,45617,29777,35760,54587,41189,21927,45111,30829,25307,77813,16476,64474,20520,22328,18643,29314,70058,5045,49923,49141,44302,62865,72590,48558,46946,29789,61626,53948,60741,31210,67615,13201,19066,26006,19812,79243,76253,29597,16622,44257,53808,59446,58538,61361,13339,24660,430,59895,52801,65411,26478,74231,79021,59204,9776,74920,22402,60843,39238,6616,49508,79000,37028,22623,22384,57592,40009,39839,2460,62851,62148,38496,47251,70173,63335,41463,12225,10507,63165,73502,22865,59952,55809,25119,43107,36716,17890,34393,50214,44212,1203,11191,57970,70766,58090,45315,63537,37347,51007,39181,14982,135,6330,2914,18548,3904,34310,20851,5367,64416,57326,76643,53966,41627,51982,66048,28388,19834,78580,75996,3178,55041,44764,66289,52632,30211,30944,27773,17391,63952,24912,74149,44198,4889,23966,10510,23181,662,56594,40923,5353,57329,27029,25573,64402,3301,67160,78103,67700,77663,40261,78760,30160,12534,43012,1122,65011,55278,27520,29830,61341,21013,20810,19026,71268,21185,59561,46671,12641,31389,38040,55673,56369,58734,647,53214,19164,57074,69024,33024,50920,47730,39807,56194,63179,78955,75743,14051,43487,13016,21899,20246,39718,68407,68391,23598,11401,58950,65192,53315,79262,13157,67774,70626,62556,50451,72548,49183,47533,40593,39332,58749,62026,60945,39444,34429,62367,32199,43202,28666,68464,70403,72971,56074,39726,15089,71921,5968,43088,50551,61809,13840,9598,16194,61142,43791,37360,50531,8221,48261,26593,64297,8665,10412,59360,47805,43475,39611,15786,50383,7238,28612,60790,62260,15509,37678,46992,32197,14669,62918,20416,57147,6975,5857,3281,4674,12459,36232,13579,27205,12884,34131,75450,2189,67299,70719,65573,11178,38008,21827,60459,17636,24325,78438,26416,24954,51863,74022,59604,11885,9060,16889,62755,45213,34238,4273,34279,24860,68996,23219,68263,73683,66782,21244,60835,20566,72703,56602,54531,19460,75239,30745,11,38155,74496,4409,79090,7712,22608,52729,58272,18827,67586,28568,72639,61258,25932,13580,16617,71779,14199,33728,38881,3408,71724,75960,46658,41418,37205,68207,68780,4304,42865,2451,659,50543,60242,22931,79127,49714,28256,74405,863,26103,19207,63939,7098,47928,51158,53850,22644,62685,20909,22844,68895,23046,60820,15212,72644,27659,2591,74516,33891,3614,47624,11439,41139,55017,45776,76055,62186,56575,33451,10642,37050,62088,64065,67168,77299,78946,76585,60156,30437,61316,39548,38687,17187,70063,50458,8166,12433,26006,65468,31837,4063,55042,39457,22849,17567,42668,4447,30990,47212,75533,48870,74494,15902,32979,44254,55217,7280,79880,14564,73462,77477,29979,21351,76849,75596,51493,1849,28432,47083,32135,11113,67712,26085,72397,28196,77961,66912,79743,64106,16789,54035,73051,3324,48723,55410,14069,17423,64897,56496,42183,14399,59895,70858,56433,33347,430,61320,48104,1774,37075,41969,20109,52099,44149,71373,65333,12062,43294,68464,49336,6678,70654,1637,66489,59648,64659,19464,32637,77794,13735,45024,15263,25912,16942,29526,48921,36025,20313,7277,53676,40808,38384,36655,54616,10334,69012,2653,36060,13700,38625,7768,77955,27399,35431,5752,14680,61510,25699,2027,29868,1288,60813,60092,26357,75339,62896,18555,45103,67843,5936,45201,20190,15980,29184,36419,77763,31216,10974,6838,73130,59464,20554,13236,19258,1062,20995,58268,17895,2762,7002,52553,12060,40154,51889,70459,38414,38995,66441,48768,10031,31317,7718,643,34746,9891,74998,36003,47890,58556,67543,33374,21988,25475,70654,4959,25846,69823,78746,78880,66864,75644,56499,32833,49498,70751,30263,36921,47142,12991,29895,33557,15141,62653,55007,51916,48896,71391,47031,75483,61162,34926,54902,30923,69139,48505,75746,77257,23785,22185,22343,19073,10878,47872,25367,27056,55987,10377,13853,42989,25546,62518,49414,50077,22838,67436,32922,49368,76872,48549,29414,20650,56386,15256,14623,55482,49859,50552,8738,73699,51453,20268,69627,23167,8635,58657,8397,25255,22047,49781,35726,18552,71275,18596,73585,71510,44694,43888,34696,19781,16088,45289,28785,22455,8076,33625,23727,17965,27002,22646,72085,1537,69418,69031,58765,5818,71239,37945,43978,26582,68888,44073,23751,64418,78977,54532,26936,65990,6280,57047,29870,47024,69159,32943,2657,66828,45998,74882,13805,30597,7342,64319,37416,78228,6917,63424,71153,52158,49222,69433,49878,71376,69030,47640,5986,36716,37888,70828,58791,24785,797,26410,75599,37401,23541,61554,76101,35991,38856,78612,47129,39015,76087,70814,58649,36901,67846,68557,75396,8614,19412,41671,39960,43436,16740,1243,29035,67828,39094,72129,24424,11634,13917,69895,72333,74742,79361,59277,21326,55160,22894,26901,40465,28238,78475,44198,60897,61319,8895,46002,35268,20536,11799,43063,25432,41345,34693,51635,44330,27086,74992,68858,50644,27145,76682,56596,74635,47553,45134,66208,15531,44106,3850,49500,33065,38677,60257,38671,66103,24516,19468,65195,43432,6047,42365,60567,31058,53653,4193,57472,70444,21059,29010,29131,78076,51795,13133,20019,29889,45349,2572,56798,61117,58235,69263,18351,61499,73586,23404,3554,50272,36901,73163,62933,1476,7058,51662,38192,10851,52586,23936,17993,4680,73147,31818,21300,2517,23323,55175,43261,19353,34406,4047,73055,40997,11299,173,39702,28285,17514,42496,72055,49096,28814,30136,24438,38432,42840,40574,6083,12621,49051,37709,5985,63926,9124,62301,61589,31949,23381,42693,34465,43411,20557,64760,9381,67495,74040,63914,44385,23480,13892,52338,5618,29110,6581,59229,21795,71703,75434,66525,7077,32628,5466,77808,65726,47354,7955,46519,72237,16664,29512,30459,39449,55359,6510,42649,16589,65539,15186,29494,66807,31586,74973,9148,45151,19311,29090,34780,66567,64037,68210,79611,76459,37440,201,16992,44137,58198,54328,79321,43553,14143,20070,27097,67574,48421,74984,20777,58817,60552,47783,54879,12996,57854,57096,35413,79004,67330,5285,1015,46224,49232,12951,25553,45679,24302,5512,13381,74623,2098,69619,62326,2468,71120,29549,59692,21783,35342,50403,12670,12719,6405,77588,15486,73331,41372,31522,65897,28624,60265,61394,19534,43902,7089,56594,14514,28725,13378,41418,16514,50563,63067,5177,36475,10062,28881,13024,38659,23493,8632,4342,68246,7162,26063,45293,8933,76016,57150,72570,70113,59882,30022,76712,8277,3802,40912,4418,34311,10440,30088,59142,45676,37410,75170,39265,35082,76284,63280,76199,68345,77876,36714,68242,10788,45474,41850,51572,8394,77123,1542,23394,4519,10209,17469,51427,58710,44302,28907,13459,29844,18811,75737,5835,43714,29936,51573,15179,56914,42029,7489,33764,68543,14954,25596,20225,4941,52843,32993,55090,78858,20933,73715,16734,35062,74774,2490,67929,46719,47581,9524,59327,23819,50963,33812,36550,42486,61280,27465,11816,46333,61634,48892,36916,79861,17332,39307,1335,54752,13183,76962,9018,79542,58627,65754,75323,59324,26226,35821,66632,36138,66880,57437,26059,33890,61937,11848,17772,23989,71914,31314,44630,35747,17352,8526,66146,17905,20237,73561,54829,3645,17688,17068,711,44764,27922,42090,60357,44227,77615,62580,11143,76237,32531,31763,60871,9526,78770,40566,78135,30499,50298,8050,39771,72103,50828,14066,53916,120,67834,77879,78306,38125,71642,2049,36684,8079,36714,26918,49338,50912,56785,31837,47950,29974,11616,3376,12521,41141,26615,26710,79421,20613,59055,46256,39195,68026,57256,47524,55511,1107,55977,71539,78667,7559,14498,77865,49209,61472,60854,2728,12066,6270,78673,65919,41685,18972,67714,42837,23136,61801,5368,72226,44763,27225,15918,17573,72038,30105,47460,24084,9461,61121,50962,69929,45387,66045,76230,42293,39807,70853,38276,59637,16582,25296,67293,32967,41303,41925,41116,70688,35292,10588,65756,30969,7485,11013,7065,53394,50960,38098,5278,37624,63511,55879,42524,62440,66193,62323,64813,71306,13747,64300,30748,9659,67699,48999,33770,17910,52685,33381,8954,51724,57065,32939,36659,64379,35900,76015,26298,47143,41365,46811,9947,23131,63491,41712,3104,43209,42217,40400,49827,11883,25959,68213,41753,61145,63753,75593,51003,67807,16099,66999,2600,76762,26023,28199,67923,25759,42053,8330,7207,26664,39112,22238,23438,36872,3855,19751,33252,7013,32509,460,70203,37478,12190,9090,79686,39985,28930,60397,17738,57500,51093,13340,16049,8562,3228,2478,69029,39394,10094,33480,60178,77613,14755,44740,75181,35206,63271,68492,41508,16072,71732,9244,5536,29882,63660,62265,27719,50541,74890,61790,48282,3798,66013,48484,32897,69953,24950,35504,77737,23882,70387,65741,26325,38736,1245,36793,30494,68421,15933,49529,56660,19545,31392,47517,26463,59150,40100,74273,19330,78695,73302,58127,51264,61084,641,54623,15046,66405,12219,57041,45496,3461,52081,76702,68573,17206,30019,71098,9319,39616,69698,11643,78870,3049,75378,50512,79589,70471,45521,49380,69783,64211,11955,18058,43780,8960,44125,68884,17470,36769,70285,23815,67293,76169,20687,30457,376,17102,36575,56364,32310,660,45173,71192,47423,17821,42622,29828,11533,22016,57649,49427,62022,28201,55721,54670,37075,53513,53875,15201,47869,32495,72528,15856,8149,63282,35598,62793,77146,55894,24698,29043,22865,27967,23147,61747,67524,62708,22245,9788,51729,39545,70158,14641,55368,59567,3166,33299,47468,30008,52691,1736,17398,71889,62373,8112,43207,55381,45378,46223,24532,10071,47836,10590,7359,4828,16625,38017,21242,27523,26508,17169,72632,51039,52043,43729,69423,56847,9454,76816,51286,46813,19074,19220,15870,30433,41277,59732,68063,50129,45652,28833,66824,17159,23419,23160,35280,38537,30905,29818,62354,20358,21521,45832,19150,77618,35408,78945,61088,37580,20118,6853,35498,38452,38596,29840,12387,74543,43762,19686,10768,37098,37260,36124,64833,43330,44001,55014,58519,887,4823,39338,5552,50398,55788,17962,69132,38524,15311,55273,63366,52857,16368,64200,13595,8715,75126,54725,59044,40191,31225,72442,35317,3772,35795,17526,38259,60239,18723,37636,58159,21381,56048,39368,35291,26820,21736,31207,15552,51642,2204,64150,75689,19717,50864,40107,32212,48150,19299,21054,71856,54357,59258,48860,16620,71100,62881,38569,35473,54613,78893,72825,58822,56236,44789,18667,79402,48620,3364,65868,78581,37512,14581,42388,31141,49414,1804,29559,38950,78955,16606,44830,24505,50474,63451,23070,15584,58873,25258,62250,15413,8962,11401,79292,47825,62577,74761,41205,71944,59281,56298,48772,23879,28375,49350,64989,9271,70507,65260,44192,70979,1239,42228,54300,11748,46160,48853,16401,14997,36426,68001,26747,53095,17657,72268,39808,41719,69072,74000,18163,77739,8959,27475,48221,62087,12380,6268,7594,49659,22758,32882,65613,65334,68492,76695,22269,49512,70831,18074,15837,57504,16628,6990,10124,60616,18272,28264,71170,22328,11834,23972,40508,33076,57695,60913,77318,65519,7030,65517,38185,42538,20479,62866,33403,30446,58772,45356,5549,51617,40357,37224,67850,51496,75200,44483,64322,29759,58748,27955,33998,45907,30450,20110,30484,75651,24426,63786,16859,37134,71252,17261,79160,47324,67788,76575,22615,38839,67048,55139,3180,55719,44575,42546,57662,37334,36852,37524,67465,39325,8344,7581,65706,13831,63259,9825,44299,64808,66245,21735,46793,19238,77648,59178,68701,16745,8282,34512,17464,78972,5369,17601,16094,22777,33137,222,17479,76213,79535,6482,71879,71340,7746,22203,27626,73285,32274,35000,49460,19173,43853,31223,56995,74061,59973,77249,7129,63676,40178,27462,12899,21556,42302,74072,69610,16215,77959,12512,53125,41121,47575,8906,16637,22741,9331,49136,3544,23480,34720,9068,71379,42392,53869,17875,22679,61609,16380,61448,31620,24402,51890,49278,26662,15917,17623,44754,71674,67759,672,25993,12384,72492,39407,17097,77546,28240,65924,71004,49809,58426,5231,77335,69483,77739,52829,52162,49774,66435,60649,20188,72377,28539,34686,42546,35265,6312,41424,52989,67550,8170,66624,74478,64680,14121,30792,27007,18940,3179,23979,397,56494,75126,35822,36473,233,13320,6926,75755,49441,24089,70831,33257,3103,53283,65008,22618,38263,34955,21696,65220,46683,31979,33668,29677,44927,28282,59956,6212,35039,45336,65133,25847,27558,56281,23725,42478,63056,2883,59317,72553,57301,33896,26409,72534,44719,23229,57962,75429,40446,23885,55368,28340,24930,7798,10521,25835,21912,47246,53302,29333,27001,68,57686,47542,66888,74820,4949,38264,66132,79524,68336,20114,15198,29626,67136,11475,20948,54554,57402,13005,74668,43828,2157,68445,40395,7937,55214,40993,66275,73952,32925,73986,20077,50888,23651,48644,42487,17842,16485,70190,62913,61980,77838,51350,52883,23406,35847,60413,50888,44299,18597,48594,9582,77910,18631,2937,14319,66982,30613,35295,37002,26388,1847,75050,1294,51956,6876,57391,8928,58938,18984,40957,70499,77929,14222,20691,22344,9838,68739,15019,14212,19936,68386,808,65269,74690,12902,45335,18481,2211,66329,3721,42976,65094,75990,24423,78734,20510,65267,15895,33933,20670,44062,46091,29696,66384,12550,58,62718,21572,34180,7326,79860,70003,14448,76859,70791,36098,41218,37852,44615,47338,36222,21232,38106,78250,78501,49545,51948,25718,45365,8490,57673,2952,61123,40666,9989,71967,52905,35850,68761,34542,27021,60909,58717,30419,58718,906,55983,38745,36780,7924,4820,27769,56175,35819,31706,58296,45937,43122,53444,38316,68188,150,35082,24344,36163,890,9316,18876,21060,61873,76540,13629,39676,35887,52097,42552,15632,11918,77192,15284,20020,47470,9348,13229,32369,71897,79458,41251,77457,78951,4691,28007,29258,45780,18313,8197,16428,66406,15301,31127,18309,25873,62477,34016,51908,46791,69265,12581,45047,73857,158,26954,25310,34655,68499,23304,11909,62508,15970,3049,19337,52977,38240,34926,78323,7726,14344,30657,38632,3556,79608,41755,3443,62826,20710,25120,23081,55282,18728,59844,58283,16992,45826,15111,5780,6650,79371,19583,74363,47611,50351,10690,43583,41808,47708,11263,6301,35397,17471,70184,63787,35081,34215,70324,10706,19908,44961,17519,30142,57660,55830,77032,70580,12274,32744,33281,61914,73575,49158,32000,2812,32546,76395,53484,54503,44321,5943,13432,2957,297,33468,50984,14450,47233,25624,53685,8879,65838,61606,17855,25162,7908,12325,71291,79026,70424,48114,47636,12330,62947,38202,45014,2312,58304,2905,24285,250,8178,73998,72985,8074,71257,77619,35066,32551,22108,76477,6633,55173,71158,5593,66884,40699,42534,78449,71695,25005,2656,51091,71931,51577,13908,67708,6336,78038,67900,55531,48331,76956,2743,25777,48103,57761,1154,16755,49761,76231,64400,51134,12675,42124,2577,26405,13228,40080,4097,57452,19604,831,72968,71800,60462,11765,20911,49669,70234,61526,38401,31210,44888,22332,51641,39558,75505,16452,30879,44590,8804,62012,38628,14888,49945,57327,29720,32599,29322,61354,29132,43702,49155,78864,60175,78527,63751,25743,10524,16800,73321,70085,48595,1800,22906,26903,75520,6953,13384,29673,4261,57420,43722,68284,38664,26425,3752,27255,75331,48690,44712,65170,75588,45093,13815,68663,7166,12601,53462,54965,3191,25624,49686,11919,70954,73238,61172,56934,15237,26984,9061,33404,12318,75996,22816,6229,17492,28940,74375,13712,73566,25164,37443,26988,37588,73783,78988,56302,78282,34263,22599,52348,41064,323,48345,51738,15495,4113,32457,24442,22861,36839,39015,68621,16864,67283,48439,19298,59522,59809,45911,61820,29965,33653,23334,41067,64522,2727,59506,52857,19909,57015,71446,44123,21782,116,67305,77247,67050,53960,10533,26976,688,7461,12891,16403,14255,32384,24542,69741,54184,33360,6921,34390,7609,24095,48289,41980,66088,20679,75791,62846,44227,20130,7369,66962,9795,48023,76898,38143,61800,38625,59172,28442,8679,78181,17580,27094,63344,36057,37156,76357,5145,67458,15136,24159,47929,39405,20178,28575,1961,34553,75036,52054,57131,45181,58654,50456,16433,50815,26323,58993,7562,37324,34779,33980,5172,74786,25781,49692,60836,30497,70634,30276,33209,17227,73625,44140,5666,1362,64342,15699,19892,18554,4419,66553,36616,39583,836,68282,1218,28322,52849,75923,14379,46616,56060,66594,16738,27882,10248,12989,79519,58584,57440,10112,67804,2309,67069,28556,14165,4839,878,22769,63965,63411,34612,62007,78439,40144,55983,79550,38930,2084,73840,52965,47800,64430,33640,29692,66468,41785,45915,22994,2276,12007,50085,47545,35337,61020,51009,30396,41411,31036,57000,20772,12388,22437,74013,14409,57553,23167,16830,2647,43182,25316,1082,38956,8312,28021,73702,78980,7758,23654,40964,33757,2622,43188,62826,44168,47510,9542,75776,47382,36003,66016,74139,23236,42010,5697,31211,8977,39099,72831,14123,64501,63888,46391,25764,73765,55068,26411,29292,75862,22626,31238,59639,27088,5652,76422,25510,78121,47406,31948,25844,65569,18728,24807,75685,3145,35356,10484,2154,71958,77826,75123,46365,69205,137,1539,9696,36591,23407,70334,13185,55596,25199,38122,51300,66594,40791,79278,5840,53499,54693,23077,60976,79636,66861,36486,17141,3956,33034,8745,61331,28521,57165,52244,34333,12820,25022,23930,43085,11439,2996,24568,74460,10061,30364,15584,37298,48321,14971,10386,41048,3315,24837,25811,46525,67115,1920,50318,37071,35089,61506,19139,5111,78860,52410,61711,61634,950,71634,25775,15023,66828,36527,59602,19069,23753,62374,29632,15386,76034,16400,73638,43419,26536,40679,56386,54224,55093,22125,70904,59123,32300,3122,50615,3612,27406,21906,17220,58724,77734,67652,27775,38229,58379,72228,24276,67884,26313,36782,23008,22496,67251,69407,9619,2966,68062,51050,34595,3299,24396,38898,68768,36844,54926,73775,10010,46739,7923,69504,48486,55618,14906,58729,45493,60599,45691,54074,9165,5607,43178,73847,20625,37003,28687,16698,20103,111,67424,75874,57914,3340,27170,55957,20646,65116,12292,79310,13143,33256,50086,27933,59420,10076,55012,49895,55555,37521,62141,60687,49893,75659,70449,74473,16057,45177,5818,63738,30867,48490,27589,15065,49397,50380,13382,52234,53303,25043,23738,6981,8472,55946,5658,48877,53175,21669,10735,18791,67636,18297,20102,19931,50387,59663,61631,60572,73946,48447,34251,6973,62147,49904,50292,49414,65620,13492,9258,63235,38181,5512,79482,59326,14256,36446,76019,22846,3589,62768,4496,27323,64449,3999,70241,64597,44255,64171,38592,60631,65728,48038,22371,41116,43695,52566,39434,5247,72327,1312,36997,63824,67134,38231,27750,51928,6287,44550,53280,76206,72177,17667,70556,68317,18993,17746,47808,10403,76976,73499,7113,55514,59833,59270,71779,72308,57228,69905,11010,71219,74302,1820,552,29547,27131,14816,42868,48973,73021,78076,66699,46546,38725,9664,49070,20065,69063,6873,8849,61404,70624,67174,34583,45988,78561,27339,23437,32688,19484,60968,57536,543,41831,50158,54929,11609,57605,53473,55130,69305,6371,79367,25361,74502,20464,52144,4636,53620,7975,16851,76945,54068,63014,36804,55656,4869,59348,7502,52714,10290,75739,9379,73100,77625,56015,40965,20183,12520,37963,37471,34540,30465,579,16394,55147,37590,11278,71139,45251,41147,18252,12647,6267,8241,61344,67416,53168,25633,74741,62791,18327,3025,23098,2579,44538,50299,42261,51833,46854,49239,78298,68915,34199,79691,21253,60824,50491,40948,38870,48123,30521,5326,79027,49342,33770,11808,19592,68128,66089,32503,48010,69043,36141,63905,48732,15820,48811,4907,929,26835,45259,75857,49293,1633,16763,61636,6205,39254,79144,78358,12809,33493,50308,45817,75376,33113,45096,71064,63144,45142,54003,32720,79987,26944,72989,25566,31015,2079,52644,10891,23321,27469,72715,697,33010,19164,59962,72025,32838,9266,19764,29384,74739,36079,21709,12123,72371,38968,54803,73584,32580,33568,30529,25228,12153,2140,29580,19970,6968,28928,25178,14198,31771,64211,11950,36881,58643,78678,70146,61155,57353,70200,76508,58656,79345,18212,44834,40601,16714,13810,17955,16615,38397,67409,29538,55913,49816,23096,79395,53798,22588,63134,7199,10585,57074,53874,13283,37278,4658,28419,6863,76749,4615,22844,72733,51321,42896,31379,64000,65714,31626,47825,60786,43021,76201,28569,22944,77106,17712,71782,14916,57340,42381,7626,14049,62243,21898,51005,35041,45247,51831,340,53504,64894,62547,76350,46362,32529,24782,64070,68181,40293,15572,21873,61738,32925,10716,13112,49752,41532,2797,11093,44648,5100,72708,26595,72194,10644,53902,25942,13386,41005,60376,63010,12940,76653,57294,66522,44547,11940,27940,70850,74627,50728,23268,72088,46908,20690,6761,60078,9733,22829,29700,25041,34587,161,57428,66847,67726,29339,43858,45581,62511,49208,7339,29893,23682,35236,10773,38778,53854,73059,51503,30600,804,68333,25285,77080,20555,15997,2845,59471,40819,73567,9937,38523,7135,28916,76411,1450,10432,14376,9092,68856,30281,65735,14469,60172,48089,32883,73772,67769,22252,12169,35779,11240,69443,448,8263,52524,6939,61259,58739,63818,5921,6870,19508,3543,13615,51368,20841,11015,35901,49679,57696,5824,64581,3398,16807,31819,37291,18496,2363,51368,64593,3904,31039,60276,22778,46854,4717,73027,13248,61828,45313,17469,48693,66957,46984,46359,28185,9139,21814,44047,70401,58373,19933,34122,503,64123,16378,35790,59204,25169,78166,10883,351,27816,75058,45507,21955,49063,65100,58677,55958,17778,41112,65505,51229,27709,12723,5992,46474,54326,12100,34917,70126,74812,41292,753,45744,3053,12979,20962,30284,74183,5104,16657,54657,70614,72769,19890,55570,47760,67804,39863,23544,34316,7520,41547,52099,48970,5319,7689,460,42730,55471,14588,23984,62204,2856,44522,79349,13327,46144,74096,44224,19661,21988,7709,21891,40581,64948,60928,19576,63534,4215,45291,45215,43832,44287,5152,13370,53053,53400,65296,60858,27490,26365,14224,5929,69720,7203,63172,32906,78108,30936,69107,70819,10623,50486,70127,67495,44447,13086,72032,30254,51494,38493,45467,55449,1890,6051,33680,15798,43470,66746,16825,44444,7329,76923,12815,48775,42453,75078,62048,36627,33202,23086,62769,40687,23945,360,27369,22109,19903,36435,63730,12384,75444,64807,36735,20231,23584,3373,7566,79049,4397,65478,23593,48729,28716,73036,27827,3797,73243,71001,69767,36126,77531,29874,63798,76209,70026,5558,13343,11973,42027,59082,62438,31596,56299,27774,2573,17275,24811,21080,35469,3008,49092,59799,37201,38695,48963,19070,65272,42771,57414,45609,29,24371,5220,68125,14041,56909,19524,54534,42669,37288,73778,21560,20872,63556,55323,7146,24441,17251,46978,14686,51212,55182,37209,75856,44296,22868,51827,34818,62256,53347,29728,28761,51472,75802,31827,17185,9112,78504,45898,54939,64542,25018,73224,40140,73732,30679,67925,68454,46942,11946,24644,4436,16650,55874,21064,75692,77249,64800,60451,79928,13776,59150,23088,28899,72832,41444,70645,68552,24874,15486,37802,65315,30886,1130,38382,41784,39072,24960,23969,62122,45540,28726,59301,23510,62906,54220,56613,9170,56287,5753,74320,16587,65203,15544,39901,39759,47143,56382,54598,37894,52274,65306,64805,18642,34559,45539,52022,5955,39639,19169,39595,40219,22180,4602,49919,10348,72839,76346,34351,67046,24031,56929,52706,7122,78532,72901,58600,23039,59459,68310,64506,6625,40114,63291,15658,77861,10993,50387,11035,57471,48643,29115,55059,42463,11097,49428,45437,67054,10660,67647,6972,29076,56511,9871,73462,4886,24335,27643,54196,13595,50825,28624,27078,56706,69649,59739,69339,43326,31243,46785,5316,61347,72585,4219,37456,60465,71706,25193,41647,73443,36334,40761,2647,44864,46295,65593,42670,65203,29184,42318,26664,37169,43063,77420,49278,62484,21123,30792,64171,75651,54178,73751,42543,64937,42124,7842,19742,59699,54709,71810,7659,74814,18019,45243,56718,34615,29181,3621,56358,23900,23716,30950,65343,28053,17642,71843,22150,64714,19396,2527,76430,4423,62803,19173,24720,56426,31922,59411,19725,33871,49452,32741,17141,19358,12706,64235,35205,63482,68718,64713,19904,58162,73660,8476,18092,43799,76568,4066,11859,79577,56506,49966,74923,465,68691,48739,40234,78990,43073,72322,6113,78152,23106,29466,18448,59201,1782,31018,57988,47992,9362,6926,47787,1221,30396,46684,16311,58877,68903,50828,39977,62193,61345,20383,46731,27152,7743,22361,51789,49873,52194,14516,46649,50410,17517,67193,442,61067,75121,15836,55462,33131,4295,49859,55005,37424,6952,55609,49109,35076,3599,34177,68126,23793,6603,28104,47442,2715,11218,55597,38634,30698,333,32682,59291,14659,42154,43490,76541,65839,68791,24420,7801,72341,40865,32251,70095,39175,24339,36116,79502,68886,72489,45772,28029,25529,3983,47904,2250,42408,68309,54569,28635,50342,34503,10508,48230,50825,29826,56272,8738,28397,67603,30554,24456,24845,1757,73119,2771,69130,4570,8369,48860,62232,56408,28553,63721,43024,22986,22143,76137,25653,45223,44127,10979,18251,64162,3361,12170,27085,47047,25884,40863,31125,1515,68119,20387,27778,40057,54081,40264,23168,5872,44698,27738,30352,76130,61883,75256,21638,71743,7943,66343,73766,60819,53153,79760,51373,5730,35579,11386,76197,13525,44215,75589,68091,51760,39330,55174,70915,65191,61045,41210,49912,3281,29553,6194,63513,63839,45341,37433,30845,25511,14525,24366,53717,2489,19829,69054,28230,63529,67629,79833,54926,24246,40672,29912,69131,57737,24064,51952,20240,53487,4968,62152,10449,28505,16538,69311,49710,32039,28613,23768,60284,79509,34006,72203,68439,58478,33795,66602,44458,31774,26408,57100,11800,76596,75359,51216,5266,6923,20193,31661,52870,27191,35735,69739,38272,38835,58164,25900,39536,23910,67957,79410,10235,50622,68455,54093,39839,59501,16794,77842,56943,73011,51261,59064,39652,66908,60757,39007,29976,16225,53616,23589,33112,8213,67792,60054,55902,61933,38599,56107,63512,15052,58357,55548,39445,20677,44427,76357,36141,79907,56067,63677,35296,76651,58297,24585,21222,50838,79083,67985,78800,3338,65134,33160,50714,66083,311,38894,53169,14839,38087,73874,78743,3275,70467,20535,37220,4963,77167,7946,40772,41889,49214,28166,43071,1764,54091,43268,65940,47033,41010,78687,32326,50089,42552,67092,17367,10308,5262,46060,64205,41347,31770,21305,10217,45167,19437,75640,77738,16877,13751,64017,12667,18651,65240,6805,27069,30282,39925,15038,17169,73667,10079,14789,32270,68696,68453,2021,23122,12460,56242,13308,40770,38543,36896,11680,62265,20888,61144,72433,46988,16410,48244,18799,67251,51217,53370,53618,58846,19063,79945,47588,62411,18409,22276,34727,28074,50844,69478,19580,69751,37027,23349,78919,15020,2948,31844,70335,22801,76677,24515,78551,31892,74083,60760,74797,62686,23319,77141,66589,14059,32733,76922,26373,47867,42432,78464,51183,52866,45026,63172,17906,37348,50959,8673,77150,55677,69900,65574,21918,69492,35047,78223,68750,29851,49743,78924,57576,23329,67945,73386,69242,60078,31411,30342,62880,21165,50105,44634,39774,11559,75705,63441,7303,33637,19941,33349,41906,65699,69020,52486,65683,28632,150,52310,12550,60512,70137,63765,13664,38473,46276,14324,51785,68195,45964,37781,63262,72627,23558,19698,31516,71540,57702,18796,77984,75553,56692,68895,32348,8587,18114,56729,48654,7173,17734,23118,51516,68277,27271,55028,74225,51177,76395,51612,75370,70899,24240,27608,49535,55700,44001,19158,28869,70760,65240,41811,79206,54487,21506,75579,1372,13784,25842,50723,53287,79681,1252,26757,8094,25445,73402,64971,14974,55241,12901,26308,41765,46267,66813,46701,39705,60057,63326,48775,19313,20202,58055,1276,49084,44781,24610,77604,5516,35698,15359,51060,16696,72798,41187,3407,61063,19296,74775,68380,18218,23362,47695,20482,23693,46800,22681,70468,58025,63973,46564,12613,4852,56399,39344,51498,26287,66795,34612,31972,11594,66944,61188,65380,7142,60161,35086,55929,11090,356,56188,57305,52994,5668,5481,29012,36056,14888,62386,41909,36573,28741,72535,19196,68460,61423,8884,64504,2517,58066,71594,54156,53294,66745,61824,60041,62226,55327,5992,448,51951,10133,3561,6354,22432,67409,14661,176,67878,60180,26276,24044,36321,71126,73688,58436,76020,1161,62991,36555,72499,46866,70788,16163,53915,2246,70607,75333,67405,72745,54953,54127,75901,50486,69218,14576,45786,34385,57771,66241,13390,66546,59617,78560,37550,27497,54718,34155,12936,53481,63731,8932,23447,47723,70485,38243,53765,62897,69311,76934,73537,40761,50808,37209,10132,59936,68203,7408,70728,54627,28092,50018,33499,26330,1178,47238,57770,53861,39030,42107,45492,22324,39389,74071,63504,22346,2248,56110,75504,73348,30241,45051,13216,48107,43752,75399,30825,45769,13737,1640,32973,69741,60384,52033,65308,1627,44116,34885,35465,16239,37212,41762,44179,44160,34006,65742,27171,56216,61608,11637,27769,69601,23001,73992,53237,41816,17378,25476,65842,30184,17303,8731,3242,14935,59611,61906,23484,2646,77035,59591,34660,65512,75352,15377,644,33442,18342,29105,60820,72879,31881,8785,40718,20663,7678,49619,18751,16644,46927,55473,37762,56625,11720,8208,61927,7954,70936,66174,78273,55749,69033,46908,18998,67564,52736,16345,37418,45102,68538,6166,23636,27681,3942,56631,36530,50288,54113,73210,54125,56102,72062,74073,51926,53942,47430,15271,56466,45260,3331,17887,27057,17569,36015,22962,45783,1106,55426,76894,52499,44039,35600,10200,9522,27271,51762,34928,48237,24629,17102,73272,8314,5924,9433,35749,49696,51739,26256,15884,1405,198,50445,11407,37671,26138,47627,21667,18903,42757,42946,41695,21390,23326,39398,73460,67521,34237,2832,29941,10317,69524,63410,45262,60520,44020,48047,7641,13058,51743,53511,17761,14403,37781,5192,69960,52533,75718,46366,34603,51874,33056,57097,78598,652,1672,10740,62354,40011,38162,43501,40324,29346,71402,64250,48724,78874,68801,79604,78083,43180,18166,8926,10829,9923,7662,23622,55835,75149,54872,64964,72674,51073,77943,23212,13713,52722,71562,29540,48876,9253,50659,2971,39203,66239,28353,33687,13474,56111,41340,73364,20914,28233,16843,78590,74404,28,33404,59047,33808,78310,12922,33678,6607,21874,54721,423,34789,14385,66802,29531,28340,38661,64880,24005,47638,25141,67424,39892,56401,8980,26942,43542,31459,71975,35150,54495,20718,77273,35730,30901,39125,45013,50258,12001,52034,66321,76230,79344,17440,78522,45074,38633,15019,29934,52113,43644,20866,20637,16205,11615,15982,71290,20836,36409,43819,33678,62215,23412,51058,777,52945,2366,61101,13228,14314,39916,71677,79427,33202,30339,23007,28489,20437,40329,64173,25257,16106,22468,63045,61550,54916,24118,56223,12741,7705,74592,33881,42627,56655,34307,25211,12199,52882,47213,77102,22807,70086,41509,2461,47577,16515,13811,4609,25613,70424,8252,33584,15346,8929,3441,79850,53769,41962,19033,42399,68780,49080,59053,47514,55034,56990,71719,46580,26555,59022,59421,31942,7747,51256,17515,22071,62503,14424,43507,16533,2032,32223,39547,58987,68310,69876,60907,12377,25120,32784,61259,33113,71564,6179,35308,30835,6122,14436,1591,62308,68180,56858,24075,47659,12970,33144,56088,31919,29277,43745,30330,69292,68062,41412,32516,73456,14078,24020,25542,68812,48453,58790,34997,4026,63165,202,2432,45824,23587,45134,15490,40021,26459,34357,53400,1464,66869,8618,2802,70329,11880,39535,66413,27780,24091,17182,49006,68653,29291,63980,60116,23724,13461,5881,40928,79495,51137,30799,1255,8453,5605,2179,23574,39542,63298,34973,5097,73839,15779,13023,59460,23560,10136,41557,7461,19476,13727,50603,79274,32009,59127,74878,40205,10827,25313,77186,32298,27610,52952,485,47139,23252,71271,77882,19190,61688,71554,36059,53251,42341,35166,63986,73749,44283,56289,66562,20956,11984,25392,20280,866,3246,7996,55951,54131,31513,52982,55908,61809,13273,74271,49569,33572,64712,61540,27257,42918,20041,50229,32432,64815,65191,9139,75884,41952,16815,16393,73664,8934,65107,18661,32987,36671,64830,47008,6323,63483,57876,44773,24978,2509,75059,48263,78790,15613,41984,48491,79391,18277,77097,8772,5863,4748,15045,36711,44167,8037,59470,42323,19837,42207,56535,52700,31638,6416,46529,23323,31488,56937,56498,67408,1420,25665,66379,73341,64154,33190,1482,26517,23233,57836,47736,56167,28842,61312,68767,67159,79835,77044,32501,5955,19967,59513,20032,44841,31045,23294,48526,35849,14241,15172,69058,23114,2784,77897,78323,19338,32891,58061,36762,17790,73135,51979,76717,55645,78187,31732,68222,24540,23889,43155,41393,25710,1564,37234,77094,11337,46738,19995,20416,11269,6357,68976,18809,4198,13752,61372,68196,52154,6775,10582,18877,32064,57547,61481,65944,56065,70345,14913,28377,52008,12611,8236,44520,39825,32867,52352,44040,4509,5525,15634,32245,6721,2538,13000,57934,11562,5795,56797,75623,20771,55852,8640,58793,68940,30006,12650,16319,24903,34295,30499,34993,44103,1944,19629,25664,60628,50939,51857,45521,33224,70049,15444,62843,67643,20918,36046,79494,33309,58192,78819,75983,6678,77998,20504,16548,48536,22342,41453,53533,63997,69788,1160,52887,46237,44249,24768,863,57938,16744,48113,43533,11624,40093,583,40308,64700,13398,23154,10195,60325,30200,31837,40541,3353,30576,49955,5957,7150,57355,57441,40469,19581,79910,40875,64163,32785,10999,19501,31313,11434,46963,32421,18439,13783,341,3013,7584,21091,14842,7950,74992,79494,13811,48421,78519,8259,14354,75661,32726,64765,8244,7545,32184,2278,65095,38248,66470,31744,18206,43581,51459,13882,66892,32668,62933,14918,27503,9275,28071,13261,22089,33288,18659,26447,27397,65447,30884,56451,73904,9529,69191,18001,78643,14639,39973,10958,12864,21033,68025,11024,74739,16301,3923,48885,64666,56269,52684,41589,46237,68668,67530,43014,57962,3851,12168,68682,28935,37750,33129,51090,24004,21167,12878,44612,34044,1537,12226,34964,14890,27909,73509,56462,63515,65199,64705,4586,78756,19097,79175,41008,36028,7855,51344,8670,9520,70340,45886,2254,42477,28370,21391,66386,45786,53333,66049,32039,38679,56311,74144,52060,3203,33891,63293,13332,69809,13944,34242,47458,18530,51079,36395,10560,38150,69008,64661,45664,29834,57145,34103,27456,76919,58643,47419,62836,30764,40395,24952,76271,11173,61089,6737,55256,10842,9317,64002,77685,36848,45625,55234,50529,60648,70161,67443,45270,72821,5013,59036,54083,46128,34543,14055,22245,31630,34533,36243,52317,73714,15519,18141,52671,35845,25055,10856,54847,11125,63721,51492,6950,13409,27135,57844,57564,41861,69602,43483,26625,58404,36500,51724,8465,25347,32049,11276,71059,11639,66914,64167,54288,21670,35520,12697,1084,15523,34593,50964,60333,78857,79835,59386,25714,46704,5098,3122,49731,57974,78562,37016,54142,46942,30321,41547,16748,30065,28590,60843,10557,76826,61549,42110,30185,180,35774,67314,56223,32194,67541,59185,29320,71904,21643,39550,51239,24739,63197,9178,1515,61447,63406,60954,75702,56524,12708,75171,47440,48592,78198,33107,39036,36671,59722,74266,14016,35118,12794,64653,660,41302,63907,33330,64622,59946,25529,14987,52443,12091,34034,45051,77212,18526,12164,69938,28370,47804,38138,35431,60173,24894,74398,3137,25817,45390,69680,2493,56008,79492,22749,34585,59094,27523,9203,23372,25410,16332,11892,34380,6829,69432,1723,61088,72594,13135,17354,78533,9859,78674,11278,31151,26042,4476,69363,49386,75062,40384,22433,65259,52764,43916,68798,63631,53787,38170,11923,22836,63898,46271,34959,23207,53540,15501,61144,62346,28775,47337,38129,54230,13781,10587,11799,46252,38911,64204,28417,26074,51649,38327,51246,66719,33250,67915,21992,27131,59597,5983,68264,53820,46360,26935,74146,69697,31306,45788,43405,43370,52655,76843,51250,31613,24052,76615,4667,59872,1924,77436,46243,6704,8820,76801,2154,58098,76843,57509,4576,52931,49230,58401,18199,21897,65005,24080,51869,23238,10185,43759,25976,21870,20564,49415,58308,23856,68280,25628,64969,59693,38077,18264,55643,32371,62966,50608,17261,49754,59413,22918,38656,11951,40939,36497,61899,74885,26229,31968,16714,33709,399,20288,6038,67638,51977,52021,37699,13443,39693,8694,42446,69260,23947,20343,9056,7728,33831,26944,49320,10514,77947,55629,56865,76845,40129,7509,10972,29713,64467,44443,74401,3065,46971,24827,14847,73477,24456,31503,59515,41040,37677,34018,6780,34526,74599,67047,38690,23401,9666,3254,2173,8225,16355,3982,52968,45781,44361,40263,34782,15319,14854,32451,48381,56600,22606,37797,3692,16000,839,69252,77975,76390,28053,16789,14322,72682,58572,24709,29024,32973,19633,5461,7254,32207,26268,51278,53087,62665,46875,32261,11328,5865,62231,12320,52949,72756,26625,54436,41953,69438,11634,64807,56492,60314,2006,8714,33743,56476,19603,75160,3377,42927,25486,51133,22604,20165,55288,61109,64824,1378,27375,78842,47445,44494,62368,3308,9658,25878,30107,11950,17715,30628,30841,67403,75446,68434,45571,46343,14207,16940,19387,62088,66632,78162,63025,31433,61123,20639,20631,17135,17026,6316,31083,76537,4777,47755,22501,9842,31279,7927,18936,29208,62172,67267,55711,79369,29925,8825,8785,20376,49776,64164,67808,12257,72133,78934,69322,14173,46302,6888,24259,66225,18830,47758,62970,30011,52996,70520,70761,56226,10119,18109,58570,66357,25500,10479,29966,71184,31032,57709,61416,39735,826,15650,25008,528,17545,65903,39400,42388,41497,19797,3139,15189,34547,46734,38344,16571,52683,61031,66432,42128,18616,21046,42400,25555,26124,21674,55013,36192,44640,78360,30004,75358,43289,76589,3563,42124,46118,79413,79718,62110,41342,75407,45600,3101,69015,473,61793,30993,58112,77234,78977,57529,53183,29799,46970,78240,24743,47648,73545,77136,18916,75554,45501,27995,36771,46425,76087,44304,46897,61514,7690,42039,55157,53038,61152,29042,30553,55305,11636,27171,39052,42909,54787,43624,35563,3340,63168,76636,65536,11341,47043,64746,23989,21847,58303,35830,42904,21300,11255,37765,55468,13520,74786,47686,51743,43972,21333,45301,79462,74867,1393,6208,46176,77737,40827,79036,39972,14516,36106,53809,62253,12238,74643,55892,29673,36716,62926,13917,31645,1232,8968,24539,21336,30198,2244,66058,16956,47807,11347,31304,17831,47769,79737,74563,77244,11622,2374,70528,42419,69698,79672,46235,47591,33770,62434,71301,39240,10015,28168,76793,63467,4983,40716,17369,32752,67287,54541,11374,32518,40778,72212,56582,56313,40310,57254,16300,30619,56311,5178,70374,25382,28250,67348,66745,63235,65071,63951,53103,14417,37193,65886,51338,61693,37499,66843,70496,78190,48105,43011,12681,61746,55152,10791,5947,65780,64947,59912,14264,31705,25641,50011,61092,28955,15856,73336,48166,70985,107,34609,5761,27001,14592,58170,23680,61467,59030,59375,30343,15425,50867,7305,47253,20191,74678,15399,2170,14913,10799,78855,5399,63792,75082,40417,57745,54935,36122,28552,43930,48620,14079,12999,59700,65345,13439,31911,5143,62773,76361,30492,44008,11310,76302,47814,4202,34930,63731,31181,69721,39959,13130,29692,9114,40903,62266,31287,57146,64168,56199,23501,3606,49955,8701,18467,61597,46291,2717,57820,62244,65048,21225,18341,65328,18224,58951,24696,76277,57153,69812,69483,51416,9153,70545,25860,25824,42157,28726,37657,62325,37430,68610,39387,56443,56223,37879,41414,61701,60182,78209,55581,49673,59912,26460,24973,24094,27779,45220,27166,58768,53880,73137,75129,1633,54187,40897,29576,11514,60363,66364,69759,58476,36960,67172,24015,68570,28014,45630,61582,54764,35262,36579,61754,54279,33321,17344,7162,17476,50053,45450,29336,31248,36608,28756,51136,29416,2156,11308,74240,64490,78973,60993,45241,51698,55877,62897,31759,47666,43844,7294,65312,48728,23147,28450,42005,60955,60360,5683,26576,56533,34675,43688,42874,21029,24348,48222,53823,59138,201,49802,66239,57092,56065,58852,52303,7081,17931,52903,34005,68398,41871,46649,1218,42311,29669,2382,71980,2039,76552,71672,7562,18438,53091,38195,74331,4349,17378,63028,73616,74054,12474,64096,32080,17452,70441,74644,59241,26625,28090,69298,69906,25008,37181,41037,66112,47503,12712,6820,67023,39471,52338,72010,55473,5103,79809,50881,63282,10885,6324,35131,19996,1957,56172,43133,9082,70806,24507,19122,46724,26412,32952,76417,2527,16471,76830,68793,56823,49062,11570,68696,65950,1877,36274,26486,13788,67226,67081,72140,12819,72533,67170,14446,49517,57372,70343,10384,5464,48082,71037,49239,13634,20605,35511,53074,67385,50186,74118,51559,77642,65877,37601,25434,39473,1708,7974,8946,75269,35059,37497,25195,41593,63393,38732,3541,19249,13216,69681,54605,19782,26472,30611,60686,42665,4541,3122,57228,57723,26323,78646,12073,3720,7469,52922,34191,12559,17104,9048,71907,65348,65411,66162,12917,4740,29065,7944,20953,21063,19148,62727,46894,20969,66122,25290,13287,31335,67332,12678,79156,71916,75413,1737,28961,46196,62497,69907,11757,23678,72056,44517,35659,21930,28217,28299,9149,66263,57652,30054,20870,24253,10442,20221,43940,27975,34202,59554,56822,12743,66031,41022,7787,6689,17414,64401,70201,39350,6959,54092,15235,19343,76001,50955,52430,66266,71767,33828,78208,1182,27702,17292,65208,63126,67072,75638,34807,4843,47822,30097,64010,11270,34360,9755,3622,17776,47862,67292,9138,65663,62263,62076,36579,76697,77130,32149,28298,73213,27451,66818,70208,41074,27264,4092,5529,30602,37874,31818,65103,71420,1235,31974,56687,29421,27046,58059,79528,74386,9355,9434,2944,12295,37796,79199,12093,33934,11384,29732,69214,33890,42608,68894,34612,44985,11654,35074,55031,55933,156,54741,63752,8913,62523,5009,66592,20342,68408,26486,48353,25521,53063,33749,15407,78937,43293,42129,79122,48766,22368,50046,33743,26853,42467,68384,48601,24946,12477,23964,7381,53722,10473,32796,69704,27797,68333,64004,36378,74933,9579,43342,27637,20916,43259,32632,25755,31967,57420,75568,50787,47487,5499,5297,78572,17489,40967,62281,6274,48845,55307,55232,1304,13766,16801,73566,2105,72026,19019,49347,53992,40450,71069,78378,5862,11500,23082,31149,66766,23561,33058,54804,61126,40925,12266,67229,44957,40752,15380,15149,45625,74865,49732,57731,22270,64055,8760,51886,33247,4072,14384,6746,8953,78561,65001,22327,49572,47773,54093,67517,66998,40704,13428,76534,66110,75100,33871,33536,58615,47816,42773,73835,52792,45075,71654,23348,20528,5233,49211,31147,31029,71865,71411,71711,26761,72974,9681,30028,35193,24503,49539,73415,12546,6781,63750,14493,59082,49962,20683,29829,76818,9572,24435,65636,47018,56218,51574,66918,48058,74648,35767,14352,56303,66668,63755,25962,74037,35996,79246,54086,35703,53345,22208,29036,651,27300,38262,77060,63974,70478,14610,25284,72220,14620,4969,37395,31482,19545,3386,42166,63841,40783,4746,45036,24585,77573,26433,58320,337,25087,36101,72607,50674,2242,76631,11516,63366,19046,68844,12766,71199,6262,51436,12882,62345,11933,4097,75931,22714,35843,61453,55344,6766,10531,21433,22163,21814,73925,6,57756,16881,28524,1144,43319,58076,1974,40361,77277,15370,3785,58387,13288,73567,68815,73148,60763,72035,9230,36331,76447,58185,45983,69291,38169,40564,53810,67746,61159,18752,68612,49332,44343,1957,10958,35442,27922,7992,15264,18991,59078,62032,17014,2374,72821,49158,52363,40978,3303,42206,76720,74591,1652,57280,43223,21538,53261,11746,27726,50306,40531,76808,14625,24864,13990,52138,24360,35533,36209,33016,12355,62356,29752,25742,21034,4876,59754,28976,8178,60263,66599,32861,55307,42511,3513,41420,5569,20941,51159,5428,44669,39444,42492,9480,52762,54844,14006,22278,30660,10005,7166,41127,16888,39609,15220,21280,20048,4676,28694,37635,37740,64695,52604,31595,29982,49569,68951,25633,47358,46414,58762,67565,51338,27792,4377,57836,28762,7011,60879,571,65805,30477,40703,22503,53775,43033,17004,45044,71968,31102,79685,58345,40912,40328,38017,34643,66422,33152,6309,58559,68650,35171,32263,61001,2165,76143,58319,60609,14671,41818,56559,28457,14722,55570,77840,10095,40922,16851,33739,61468,31528,7877,5474,76090,43331,8022,66664,78473,41153,7885,59111,9381,57218,18145,75210,1069,46736,42970,13658,64187,40032,75801,28825,12753,47606,51510,31559,69253,18459,53881,33488,20062,21069,9057,55224,38565,10682,8333,8068,18316,12676,19289,21245,33694,33236,51910,45534,5177,74921,66534,67405,27922,67900,25318,36446,64655,22091,72508,18077,56398,79129,79478,11060,61985,36574,5264,67340,69937,46054,47149,43434,32819,7111,55022,51684,16839,69376,52643,1136,19258,37031,37337,9444,78173,55431,65342,40941,31971,22933,58040,34599,30656,24543,73399,20974,67573,23585,39365,24218,37833,76987,54797,54052,67783,34978,33112,72400,22095,47968,54961,47626,24719,33636,6048,70889,19047,73184,29040,9821,53792,28649,9215,65419,29619,51710,43206,37266,75941,46329,2359,23783,73503,65968,28483,13286,929,35121,62781,53492,64313,40515,65098,75090,76760,50560,23951,46072,13635,75128,33352,4576,29639,29090,61245,54246,55267,49365,34247,63559,40245,35667,10725,78949,799,29580,18716,30576,33144,30601,46179,1674,11813,7369,6054,27849,29058,11683,77571,74087,39192,61876,67402,73827,34287,77378,75719,54323,2830,62652,28494,54650,78145,50355,1718,57381,67696,36818,41202,16281,72137,12736,19862,67527,1974,35726,35639,9668,67805,11822,66639,65737,78443,12114,71564,20802,7029,47866,79070,28091,2896,50062,14138,32985,79056,79680,41856,45573,51345,66764,73387,73336,21933,61838,782,25612,45453,19814,40687,61850,73570,49763,53417,59862,12142,78839,67351,49561,41602,38444,52148,13298,54186,70573,15753,72691,70221,78403,12911,39619,20472,64584,79861,61636,33528,5734,58871,40844,14021,46536,10018,5386,60236,32480,59395,79481,35127,27623,54377,13812,59827,33843,60305,25936,32812,39645,24048,50487,17599,65337,27628,11815,4453,79019,58653,53394,70874,71560,3463,58130,24726,37064,22674,70491,48561,49332,59949,63881,47237,7293,34671,31471,6137,41904,73519,25440,57610,29401,79731,54424,14917,56320,70532,79626,77785,68143,54448,8311,9600,72191,10470,7225,63773,74669,48161,21730,48411,40778,30991,36494,28888,15926,24203,52702,37593,66999,69319,13056,58504,37567,12248,53521,68780,73180,18193,72788,39430,22765,29532,50368,14500,9691,16939,76133,54293,41567,65388,54732,3052,451,32602,76025,25991,79866,41426,8848,41248,68502,45319,14476,58111,71748,33987,25392,64012,55697,79436,31728,62246,3163,204,18869,48583,1340,13540,12772,21566,67325,2644,69178,38397,69702,27027,65672,64312,30800,34015,16052,41312,6684,54137,79275,14160,61891,30024,32216,31842,71295,32938,15910,46512,46135,59847,65981,14963,74859,70952,46803,74414,43038,45581,35524,54684,71178,46363,78472,70302,26750,73221,51136,74067,72584,56022,71149,9137,9117,62618,53805,73190,24448,74117,4791,74461,41411,39884,15455,32032,3862,41984,21708,54612,31908,43434,39132,20269,11059,18087,54289,76587,60515,16004,57435,27773,21649,71108,7836,13686,5592,6825,63016,69977,23814,17121,16120,79425,77841,69449,53167,67734,50201,7255,76010,78891,52196,4373,39759,11682,49526,536,78388,42412,6470,17353,10105,60807,31839,41306,45240,17043,168,69613,7551,21132,41099,66386,37117,5931,23406,3316,76753,62975,64914,56056,3981,54348,12321,77005,26292,26594,42768,77687,55899,26161,20517,10755,19940,16668,6153,52819,11485,62031,73273,25132,72058,3372,78974,59755,2275,36513,41841,43347,2955,78037,78476,29045,59546,28887,58687,9680,28057,18982,40770,6986,48160,66344,67784,25910,54303,23769,13153,44626,4605,10609,45655,39446,69812,6069,76318,76276,17961,33498,57622,34335,7911,34976,52820,55206,41915,654,30574,64232,22915,4451,38805,33336,31612,25447,14210,5555,54787,57774,21424,47423,64994,46307,77442,43381,11162,23359,23109,53877,34822,64936,23262,56594,37833,31204,50129,33372,25890,50155,48074,23243,38759,10369,61602,53117,44444,25127,28381,3403,11534,18029,36227,37548,21823,15027,33271,26585,1528,49898,74635,65513,335,5067,45514,8009,18785,53817,61812,72409,27396,63649,30112,35112,79199,73535,39946,21406,3241,8873,52545,25496,22365,8683,63649,50722,34789,57314,66987,47905,20312,15833,35117,31298,75608,22454,71534,47662,65522,13766,30624,65114,32896,73587,19279,64062,54096,23657,62971,9359,31999,75050,48599,79718,6094,48183,24188,24607,8897,11206,30805,49868,72220,5343,64957,3952,20581,26808,10993,17256,3034,60853,2522,66294,15957,9163,12277,78014,79483,35391,16929,61363,18957,63148,35763,42501,45813,70330,16303,79921,68818,20425,70331,6274,57784,41808,66815,10742,79179,5376,56282,59214,78547,52874,69796,43514,55832,357,35157,14325,30107,6063,39578,59051,76737,8761,58580,59860,66649,26220,37817,41862,62774,7797,44101,69896,57754,55808,75928,7487,26724,62398,63926,16395,588,12459,3812,34690,21414,43320,14672,10670,10288,13856,2542,6725,5396,36944,20959,56812,30865,15444,24051,66921,73167,57103,913,57184,49822,32858,12013,69949,290,19369,48681,61391,63727,78894,76839,75708,65605,38744,30373,73410,52798,10678,49481,3341,15097,53826,48049,12478,6479,16064,18892,4944,38878,67711,72731,73664,39699,13173,634,67414,12488,51676,39305,55523,47939,35987,35503,1915,5891,10684,59268,63367,17625,74494,71905,69219,57190,51323,38160,71567,65499,16391,15922,48359,14781,22107,35518,19250,22722,35145,65895,9273,79025,56237,8649,66425,72188,3190,33767,21506,28334,8014,49025,9430,28333,29098,35114,42501,2970,26042,73303,5129,8327,74963,8129,37409,28336,22544,48853,77756,70088,31998,51822,25933,58100,1935,6433,6407,53734,16141,64121,22342,67869,60269,64644,43330,60534,29327,67985,15832,57137,11951,28731,74452,43026,52427,51872,25644,69770,9922,15649,40627,69627,65953,57541,33495,49435,10275,24899,9294,46500,4209,49323,46667,3903,68065,45111,64060,8589,54868,31671,1659,72176,54266,34469,31764,47666,30440,67121,57743,9101,3458,42086,51067,63393,63286,31913,54911,70597,26227,27747,72623,79025,45492,73406,58738,22010,40986,22779,41503,50144,38173,45212,17475,14499,10818,5602,9239,73749,14485,59518,51335,45812,51098,79238,25071,10197,14284,57867,60733,3383,12038,66523,4620,74153,39232,74995,27707,51387,47842,63719,76119,44693,55376,49181,5779,44582,34923,16804,37958,67106,63410,38107,6792,76562,11331,12354,50593,45745,41642,26127,26308,23422,5836,22448,8977,15687,512,39144,30024,54122,70409,69537,18430,56764,62365,77960,14949,47138,44711,67794,59444,39347,73690,78661,25629,50319,20803,8850,19963,35317,508,43893,49518,45155,58106,40967,33122,51334,77741,29165,42681,79910,12166,58448,60344,29043,69128,31925,38478,9600,75863,48112,62519,23062,43636,77049,76756,78369,25243,56010,55817,2542,66924,52380,26810,59339,49156,72830,20789,5425,7245,1374,42290,76337,12240,46540,49364,25611,48185,61231,39554,11110,35772,10283,59698,70192,23241,55849,9998,3677,58894,12626,48509,64924,61564,70890,4211,25183,9595,27462,29066,34331,69006,11808,21702,72902,42736,67211,20799,4991,71151,3022,49897,12657,46530,55849,12971,27109,74475,57888,27027,62712,72582,40117,44943,47500,45493,33735,663,41401,78112,36744,20312,64172,38668,29325,11192,40946,48612,69141,44931,26194,52475,50473,32119,23528,77433,7995,51446,33222,59276,5189,52267,51069,3512,25194,77102,64542,48395,67871,72612,65443,32130,10606,62868,19368,52483,67107,35048,22523,883,70424,3845,4825,37624,52137,37317,74639,17389,55604,36216,50201,55676,47418,40141,79618,63868,40663,30406,55152,39571,66367,73978,38358,52538,394,48245,66088,28154,41251,73948,42290,55773,75723,49627,7042,70944,37366,22888,51781,6638,2581,54055,5170,40551,39512,53652,58297,5697,45752,17967,29578,3149,4224,2546,25758,3134,35485,15267,39469,76396,64027,289,78415,27395,79042,57137,60828,28330,14029,55721,57858,31429,61197,33950,38380,74909,35575,77080,72649,38284,3259,24017,34020,72510,74562,67353,6234,41290,37862,22292,24891,68116,15433,18857,60927,59008,63200,71320,73638,42798,33413,11662,54166,40882,39536,8840,52109,30163,61953,32524,43276,27126,59551,37456,65548,25085,12180,61365,43204,46149,34827,60147,77536,21352,2646,16916,55623,54457,53289,10085,52125,20538,18246,44838,25878,63394,11837,40840,38014,74475,31269,48804,29307,18387,21279,44762,63444,69518,8234,42338,38643,44898,68517,42345,25926,7124,50990,14277,14511,46120,25471,43266,11193,66564,36028,13774,72542,35017,28528,52382,58625,60766,71455,51305,70899,67596,21266,35950,69780,68462,55908,62732,51434,78218,41020,12946,62163,59395,19603,6691,34418,23986,72323,40156,7101,50114,38719,12503,27815,3105,23500,11589,56435,31097,25270,66215,30246,28006,49327,20501,22249,38457,39368,51789,1811,72439,17369,73394,16678,39452,72339,53416,16371,54502,66800,71929,75591,59412,77725,77172,14394,17136,13005,60498,29505,59824,39352,62056,10016,77000,21741,74354,47998,33052,12340,66103,68615,50551,19783,54254,1122,36759,29092,52883,17612,57328,10913,57086,21266,38546,54747,69050,49741,4827,14418,45362,40883,42394,10808,30284,4979,73187,20861,62802,25596,33048,49224,59957,69977,37725,12183,79209,59696,46825,34023,71330,35879,31501,75117,14258,14497,75087,31963,35442,24186,65267,6622,11749,8154,7147,71800,65727,33595,17788,50932,68290,16426,40458,41428,44481,19283,12140,62926,43552,54551,34098,61854,42393,60838,45533,48108,69916,21532,26689,37506,18377,47858,8776,7315,53457,51157,55614,76542,65170,48508,38225,31535,8521,15273,21187,73726,5483,10368,39035,13392,59036,58359,77279,48982,68506,53479,45949,55730,22175,42641,53712,71772,22885,1651,69984,30522,11157,37819,1786,48176,20225,31781,56493,58040,77413,56519,20161,75757,55213,54934,52233,62885,37835,12975,46293,28775,11194,31351,30920,71364,71873,32467,30029,62480,1175,10987,67259,53498,53171,14213,9016,50713,38750,5101,77915,44881,75590,37949,15195,70271,26422,72018,66206,56065,53775,43999,14000,30078,4403,50920,8407,30253,52629,36175,33594,2241,57122,49962,38203,21112,47515,64617,49434,24970,1935,23851,55047,65589,18201,69804,42666,36735,66380,74529,56618,68368,41260,31972,29548,44739,70427,59420,59996,29847,78685,67058,58933,55316,73383,29493,75379,57743,23398,12201,2889,40034,35948,58709,36679,34773,68835,62269,78724,19055,49709,70926,105,43779,55664,30053,9059,20407,33629,77713,38398,9737,72004,71192,30445,76240,22061,55227,20173,61898,33069,52792,21841,51301,71471,11570,5512,43925,20039,32263,4355,20716,4497,8516,43303,30868,8563,61751,52187,16760,4564,63908,29924,78886,7873,52535,64528,36457,14480,32820,45127,50303,44787,6697,12708,20340,77673,21676,36774,60964,10117,11727,68908,77079,5988,60269,25688,73421,10060,64107,34709,40685,53137,20903,77109,34724,23499,17959,33961,4427,34276,54993,16473,72331,45172,34667,6504,40627,1961,79563,59934,58924,34967,42800,79624,75562,12171,75300,55479,74476,10283,53548,77830,21812,27610,41464,69838,17527,27158,57534,64180,9142,60908,78186,2760,30572,19358,42695,73347,16527,40887,48360,24969,50193,47587,37995,34939,58558,21746,1677,79908,65318,68162,53315,78306,76978,24432,54747,73629,42492,59773,79487,10253,44698,42788,61828,55348,60618,67469,26133,35720,48960,35409,35191,18726,32174,36991,73900,68411,39166,11017,6677,35133,77135,11663,71137,33681,74795,37489,63103,46296,36643,65761,65278,43242,67569,9143,17405,33064,12334,65641,48961,32576,44701,51571,13806,12686,64365,61026,64489,74743,33058,11823,19374,55013,25909,54581,16812,66360,59568,55729,29017,13910,38105,57039,56873,6953,72840,7146,73002,59467,6248,76331,48509,65457,78521,62002,52921,38527,12716,33273,42747,78985,41544,44822,1393,73237,62114,58889,75670,17600,47764,68445,21120,5531,77544,17578,20818,59169,52083,67887,77305,42817,75713,24237,35393,1536,38018,46869,25505,42251,46296,28596,30428,66637,78994,39909,73895,73532,12291,22730,34804,56265,22732,47153,78405,42483,26245,28045,12834,65295,29167,73531,68259,68967,40237,36829,25329,2054,68608,53885,34756,55476,71401,39834,29743,27634,9438,59911,45309,41367,47948,20027,39367,1169,47274,22401,18016,29054,7231,25835,15447,48721,12167,18285,73262,66586,239,72855,15223,78317,72221,2886,65906,54913,2868,43934,71569,18848,60170,32675,38385,2598,70205,35400,46829,22918,26155,47201,71624,48809,77971,53886,39117,11891,54792,30444,55506,8882,44373,30489,6471,19074,32025,9574,60940,74538,74121,63113,56668,29552,37078,21857,32553,51443,8504,11842,27930,51802,33728,13643,43479,58784,14061,23118,75752,3668,8659,28569,35802,42648,76835,48400,51647,6500,3269,42930,16043,6269,20587,49003,33291,34775,63792,66772,74690,39001,78423,24346,71235,6672,59562,13094,76324,62277,69854,37780,28063,70659,16851,12425,42018,44235,17553,61626,42421,70966,31819,75355,28687,52051,22210,67524,62145,32927,52884,23138,77677,74539,25860,50093,3982,65984,25958,41623,43720,10388,43871,51562,10042,27682,43757,79453,33455,28037,39395,24749,1413,65361,39380,55990,20983,28931,4459,13229,62274,29875,40142,19413,18469,66235,66541,9387,71205,62613,15870,42196,5864,53147,23476,73236,42150,37429,12148,69522,25570,67074,26852,79726,26936,62040,26318,69251,7926,24117,59316,15991,14518,44780,43123,35645,26153,52911,74706,7699,12947,4875,3192,27772,8344,15064,7106,48116,9935,25896,1407,60275,1641,29142,8769,27487,12879,46948,15900,7812,17587,67682,38269,4863,55973,67376,26492,67417,21270,20842,9973,79797,14838,41421,30715,55426,31202,60567,79288,3258,26098,527,40846,79954,23912,56228,31036,74142,35249,20859,58389,1692,25190,50903,39675,25859,8540,37036,78555,77999,4174,29710,43570,16095,63346,42325,9215,62220,46297,74781,43098,4832,259,49423,34723,60260,32943,12850,31048,79027,35726,51723,50995,66486,24082,55807,19791,19246,3800,31485,4162,35723,76887,27216,64262,13619,74360,65405,65147,55689,26498,14000,69800,21158,34358,3709,5743,18138,8292,1939,53426,43844,28221,6614,33737,7021,6860,32208,26633,47602,43764,15848,6520,67449,18954,71328,72000,39973,21315,58467,775,11586,67992,20553,72477,1253,196,6479,56069,60494,44699,40003,63444,43015,134,43561,71955,41021,46721,35325,73411,37476,51873,31993,44057,14387,45338,39461,72749,64035,70663,64399,45335,72937,22178,46800,43572,56988,74362,33249,50422,12931,42373,685,27636,39677,8829,56632,19628,79832,12102,29662,15850,65219,32238,79859,7582,34906,62328,70172,4528,6025,73525,56310,66860,57382,78103,52469,63379,53000,13923,56191,63647,37379,28927,50574,25078,34064,62061,44133,4978,15865,15591,31505,78046,65891,27861,35792,34831,62486,42927,45563,73151,12077,57955,49181,33525,43638,63939,40102,62624,37511,59614,72145,31125,43300,73389,42809,28191,45831,62482,71672,68636,24632,69956,20926,7064,45932,40366,30495,75121,35171,26533,38548,59012,34486,7387,17007,56479,12491,36617,64597,30909,40343,72154,27389,46583,35910,33783,8494,6552,78437,69612,15457,72508,54580,42597,18081,3585,68414,75575,12695,8327,43914,62953,30466,39800,59657,79891,75960,25553,64500,525,16863,6089,46796,24925,71980,9065,29231,31096,60531,72995,9691,8707,2430,5909,63671,16541,11132,38996,58627,3517,76658,77849,32419,40477,549,60057,61381,62394,71921,142,1055,27192,27841,39803,54817,8012,71836,43407,44201,24810,43988,573,77975,510,14777,2835,22773,62207,15924,69363,34238,58962,38334,23260,63419,74146,43952,46312,52477,35549,78688,75506,18812,37187,39915,20634,66809,62319,47863,40845,54626,73828,12559,27278,9809,16036,36359,76069,40823,47780,70874,79104,57894,26923,4817,69173,43196,43125,11569,11844,48490,15280,15269,51184,74294,7500,78594,60601,13065,6936,10927,30042,11077,38838,6591,57836,12945,63184,13101,7526,24678,35125,29611,63317,7863,45586,79896,56702,46953,41344,29850,33697,10623,67833,60277,10072,39642,3636,12378,41687,24934,29616,34958,17247,55665,22454,61029,6148,69096,47251,43961,23957,59671,72879,21929,77579,33974,60263,79359,63591,30117,32371,33010,24323,41228,61407,71663,71647,7891,997,23643,45586,35812,8835,38456,4300,31884,12488,46601,67232,33176,44999,57610,40505,38322,47591,63758,9347,17432,48959,45227,22839,11846,24276,79377,46891,24684,24278,1827,57155,79800,75789,42487,69983,62623,49744,31021,44678,59785,65107,271,26252,64122,70263,15558,23337,41524,58635,79937,18983,13090,67022,69282,50553,79098,69075,55497,21642,33145,2584,10389,14639,3289,31947,2701,70306,30356,51741,44500,73915,40871,39439,13914,1048,66047,21661,17105,21537,39909,72214,60051,63839,78424,78522,29106,7317,55213,73105,38344,40534,25407,1833,34289,16671,64971,37838,43852,13276,45591,26342,44199,63225,22009,63701,45879,45134,11050,79548,30472,41614,32883,38720,44409,55428,78204,9262,21364,24378,75658,79171,11897,30031,53911,66966,37298,79663,72601,70558,43305,78979,60443,29636,6279,26405,42725,37757,47054,41339,16054,1752,58040,64245,69301,61032,77549,46916,52518,20255,73389,41925,54545,32744,4684,47605,76819,12402,73588,76369,21234,28214,67933,78610,69819,51285,43386,23747,18854,22683,35294,18966,75504,8331,30705,51727,6634,53043,35707,13520,57666,40885,64054,40194,73038,31136,29363,6388,78997,4155,79958,65575,78199,15974,64205,27946,58602,932,45427,43962,77268,1461,8205,2025,79475,65282,59053,44100,74150,57036,59931,77717,26407,38894,26121,56502,20853,75419,53175,42245,17145,20436,61130,66648,10651,19142,3821,14317,1843,61453,39569,67166,79733,31311,67830,41589,32984,11907,78523,657,79639,31403,64935,43783,27881,2733,29443,20666,77155,20071,49994,55686,54386,48688,71568,75566,36017,13832,27469,14915,1333,50863,55444,34651,75447,37371,75419,4473,73989,71040,16157,42244,16454,75185,31656,37051,36260,5205,43491,4917,72212,43166,775,23922,14848,21588,22097,48983,154,40675,79464,76033,59428,55089,33941,67741,61161,46292,1192,24218,41815,25659,76919,51064,58750,58991,41381,35774,47392,68527,26106,70046,27234,64642,40784,24501,76649,65653,73762,76389,54663,68729,29552,52818,12897,3098,13741,32212,32364,19859,56617,41935,65307,48117,19837,11435,1796,10087,25193,73066,1184,29946,18699,31535,36281,15461,15990,14852,32902,44438,48255,74583,27847,26563,42216,27263,40459,62940,28030,75341,33412,48545,65584,23364,41781,15509,71716,26693,9059,63321,41055,7865,45550,66903,60214,24140,34944,67297,43920,35682,16944,6397,9886,28927,48708,36138,49867,50933,59380,69812,75537,59345,71304,17205,27704,11942,15236,74285,58612,70781,65443,51969,19800,66990,25912,5298,68723,14034,34225,70004,45993,16347,40207,10243,10944,17732,63513,65160,56545,22983,78266,6579,25336,30745,68495,44663,72087,70403,64712,30520,2253,45353,3821,22845,39042,20191,32780,36270,68578,59638,48825,51958,53549,9124,20568,60401,26638,36922,3487,67188,66581,30688,17185,48605,52883,56419,18386,43881,54769,35319,52240,29554,43115,24744,62839,56090,47403,6334,28943,29410,27562,55248,50222,19911,50703,8899,36448,71732,51948,8622,43132,3348,44845,50327,38780,7355,31876,3261,37925,67520,47094,71470,54272,79986,55522,44951,20497,59730,31931,32803,58236,73371,1971,79720,64468,62433,12979,52559,60349,51268,9690,8138,23533,50275,7504,69790,65656,14374,54896,43499,21305,43857,28839,18385,61294,48341,66943,61160,109,35772,79037,29384,15194,47367,10751,76164,38245,29487,4552,45691,71566,76722,78952,23599,70078,53491,55297,32649,65416,60180,44224,19009,58735,76267,5709,45242,32176,73997,2131,17252,620,16859,13476,43878,45416,38902,51936,20483,38281,27752,35352,14640,78710,33465,64093,62423,18353,71287,43549,43733,40887,11346,25833,60311,8522,52955,12327,71233,62086,77282,8765,58341,19615,12454,5453,68365,55036,71307,30292,23658,69039,67841,61460,21383,60249,14311,34586,51165,15592,13440,53460,9195,76753,45677,25853,57064,57686,76415,32928,58303,6766,61383,43286,5842,53576,25432,45291,66554,41905,30534,39144,51374,70898,79149,55106,23350,70167,236,20886,4637,75566,7606,24828,74281,19423,40812,35196,73390,5003,6736,36406,74459,11038,73706,7663,44780,26207,9484,64472,6774,43503,35116,77738,67442,15265,57757,41680,24311,29105,26912,10180,67911,29418,26516,13712,19819,64680,28106,32014,48922,10282,63958,13475,19364,77876,18469,43024,76603,57215,13041,12099,62962,60710,51185,79625,12758,56762,68024,65518,10980,32194,46970,15581,55922,60990,17637,22133,66205,79676,16403,32585,52298,62951,52800,51411,51251,46963,23502,59262,3939,16915,471,59100,28267,76821,48746,75721,57037,61700,24769,6234,17903,21474,69027,4265,4659,56372,20689,8783,30907,75404,14065,32427,76333,31725,39801,31288,9827,78977,46912,59108,38050,20941,5662,48990,41837,49966,47238,24722,354,10709,76310,55311,61235,71249,25018,44785,79828,58040,5813,18784,31651,399,78084,16896,5380,17550,26581,60531,2648,79341,20036,50504,1111,33568,9688,14250,36021,9870,73316,43405,55004,8389,76770,51728,60219,21869,685,46255,54650,44682,12839,77919,25855,73095,56111,33610,4340,27232,19142,551,53473,55278,45403,68148,30250,57761,33462,27845,9706,75404,54904,42801,68174,22926,17872,19007,70101,53043,76293,51541,5550,3178,47906,65431,54871,20592,67181,36563,53998,40845,17530,70871,20358,17156,7819,45768,45052,10654,8483,63207,1280,19963,36619,45425,75529,46641,3466,13985,53122,1036,13071,39098,39823,37817,22978,12133,1634,31115,15903,4464,16981,71699,64698,27501,64538,50602,11905,74492,69649,1249,78402,79581,29130,72941,15901,11749,2326,45681,40665,13738,43745,75961,43337,20994,49360,8910,49068,65108,76697,54369,41653,58095,22230,57410,69908,26666,19159,15674,44376,56430,8360,53392,25786,51197,37164,65607,12403,24494,59416,32463,78697,17564,18340,40739,20282,49831,10609,9891,30551,32945,30206,15362,78859,29829,54302,72665,699,63616,76038,33324,48967,1919,19249,5399,59999,7965,50222,38008,19027,48546,56824,14146,19268,58329,53710,13789,8741,46722,74125,12463,39797,18859,7549,18065,16757,59550,6784,72449,24278,70810,6339,72905,72405,75405,36896,56262,40197,56891,10793,3300,61529,37202,53459,34024,30012,1455,18336,2998,17064,54134,35122,14868,63006,46593,34031,17118,6559,71382,72107,74413,33378,52703,8151,70459,48115,29669,51552,78583,59792,66825,2785,72867,63238,72120,19436,69217,79462,26781,35280,68407,78425,4032,17070,4573,25208,39642,58095,33137,66707,35320,6914,55051,49171,57863,39117,66031,42821,70963,68179,71132,72743,54998,18185,28804,7696,65455,52133,32063,10938,57659,67045,37716,71885,35693,50907,65724,3300,19261,60397,28982,69185,59946,58821,44848,79966,25812,28823,51875,18716,13751,62501,35062,32608,26830,38255,79554,52060,38374,58949,58190,55968,55927,27941,19371,50896,52729,59686,71156,10319,71035,70407,42820,9315,42882,57328,78316,46751,18813,73116,52807,41279,22222,21193,26838,47220,38732,28927,45246,69400,28075,30497,54836,13342,36208,9269,16781,61246,22360,74934,72071,45690,11363,14063,59564,65940,77776,78405,66210,19019,50271,32334,5208,21963,1711,67006,65352,18195,74046,809,17703,72381,989,74609,12917,41589,24913,37158,37521,1814,69173,10351,35678,28635,15152,10302,63112,4767,47779,40530,28952,64358,19545,78882,79289,58717,7732,33657,6724,11589,40167,60901,72497,20999,49304,49712,1069,18069,44804,16301,33223,23096,20653,22553,8440,56735,9883,68557,61963,77776,41154,16963,43475,67775,76062,5032,39033,26990,76936,20321,23416,48750,54363,24310,25310,143,59144,50413,49307,68908,34510,57670,17814,63975,16027,9313,57178,68417,37719,9724,56727,36878,886,46015,33624,28611,24563,17794,37047,32124,57132,19447,16368,23385,51002,26708,47953,3487,9073,57156,25597,65430,3687,5749,45092,70162,7158,27606,18761,8655,31558,76579,14705,41511,23730,50205,20438,44673,56079,59040,39481,72469,20320,34482,17265,77795,66648,54324,45623,32472,56634,48572,6418,22577,41376,44009,74000,44346,8865,74560,48935,10403,21004,27203,9514,36649,58524,4212,3920,52007,23890,4612,64297,39963,47188,66651,55545,49401,1769,77894,22809,36878,23728,63651,53891,61262,63678,12693,69198,25948,15137,66624,40828,21828,74145,50075,52436,56147,68774,71198,66965,79078,31935,79572,41900,28076,8636,22367,26611,47448,12759,28012,76071,67848,20904,17047,49910,33412,28107,56629,52637,56100,55756,29354,48417,57548,14331,71198,79148,55672,65406,23469,5410,12999,67343,79513,71946,11560,780,65170,46249,9869,13404,57146,30245,11670,7351,67912,5311,13650,5112,18443,47963,56235,66724,6770,27077,7303,67206,33017,59794,48817,78309,53208,51542,31678,71405,15606,74943,4924,42312,22970,606,74854,61186,22431,9171,16367,54858,50586,46738,57557,20388,43081,28719,76243,65796,38334,57790,78515,54208,53954,48696,74746,24095,36770,79968,18358,69864,43898,31978,11568,15012,14267,30419,23268,77560,43299,55772,58518,13080,61661,16538,34906,61198,50986,78677,70273,35906,65842,56981,56122,14740,65244,77087,5204,68865,56474,30652,74867,47976,76277,26008,55666,19761,57581,73996,30089,53353,48185,76774,79056,59981,71683,59598,32894,8212,78336,22310,21505,79827,27691,63118,64552,61951,68950,77745,27213,78180,52280,24411,17479,32979,3849,58595,75431,56774,70580,78582,18637,42869,1006,22965,52449,51824,73254,69925,64924,77276,34092,15788,26933,1060,9192,75418,51178,67097,75873,16380,32903,51746,78645,70187,53002,28008,75676,69800,40303,22747,66162,35325,24605,65999,16789,63416,8169,38141,22391,15080,34566,7060,58144,72886,61519,7605,15273,47143,71429,20180,76798,60411,9543,33321,51550,72289,37456,150,48530,79628,18513,57267,73574,5636,71005,42667,68733,16373,63702,24164,37541,67855,51935,60830,13845,41127,6710,48227,13191,8800,33364,5258,58058,77539,40802,19444,3066,3767,45481,11363,19953,25422,29566,9158,20722,36711,41235,41809,47438,35422,35523,72365,31287,9683,28855,40393,79919,2758,24357,16090,12444,47077,17377,53852,68395,63616,11120,63097,562,35442,10429,11540,54913,60581,76031,17759,45591,39335,43388,33101,31245,13219,29239,59272,13048,70557,23807,1017,68283,63734,4340,35755,69831,20490,48003,65691,5905,70390,52993,56823,25361,39541,78479,24771,52752,32325,58908,6439,77098,38527,28332,63626,78018,56811,23841,57324,72242,61123,41868,14799,10939,44404,78831,41884,21342,70618,45374,35223,14944,6205,70729,66106,37394,21778,50798,11812,72377,46172,43371,56426,21874,37382,52276,5697,60477,39080,22480,16991,76796,18898,52398,44574,12317,55104,22938,75996,2977,74587,30588,18619,68946,36397,42276,71145,68313,63065,73463,72941,40143,18349,31151,9309,22711,12947,50482,9047,73116,10059,63038,28114,64967,65039,1740,34226,14390,6552,24881,42780,71161,47000,8052,72534,62618,45700,16820,34329,39566,78201,45810,433,70996,5355,22556,50203,1205,59941,43265,39348,25589,45446,78319,7247,28762,39018,11528,17011,26621,4645,11173,17097,72064,27591,20115,53930,28452,71438,51181,4261,59490,70093,28013,68358,65995,71041,64722,72246,23566,39247,48586,40135,43361,18187,43907,27712,59942,8702,67262,56322,58517,5575,11509,75358,44835,21742,16545,76165,14774,30991,67427,38784,41784,73058,26100,47006,4615,71789,59903,55234,71079,10290,68955,63239,51069,5087,20842,64550,74249,66565,23748,42602,66527,8680,23992,20773,32362,60994,63723,67083,21952,67371,71923,63806,8878,48928,68998,35806,6099,36112,71624,44236,33891,35421,33421,48363,8586,78340,57307,14983,26692,14844,25929,70153,2601,12794,30491,32693,68725,34820,62297,34745,41115,16715,14095,30147,34693,38256,75738,19319,9852,33107,30153,19911,1302,192,51517,38038,30826,17053,61117,32662,14245,5897,19271,42631,54150,77112,51829,14286,54647,9889,73662,1066,28277,56327,30936,73768,77575,38381,30757,72779,35723,9643,73049,58410,10015,18755,23764,61567,45887,57257,66531,39766,73474,15437,41475,4943,42187,18908,33544,28250,61069,56956,18077,44493,9190,156,40575,15780,31006,61928,67093,56289,12447,41968,30357,1025,62373,35908,33472,23861,31140,16105,66809,64975,2861,71981,79161,11858,14320,62742,19580,25622,67265,57339,14044,72773,53972,42132,5615,48031,45038,15670,2070,31247,22050,4865,33085,44475,49121,51574,53687,75661,75284,38789,338,73675,19998,53864,4282,53042,20701,68509,6724,14963,12079,20181,15559,43944,69040,72888,32531,30929,19442,23982,20798,62425,22474,71304,32342,36381,40175,68121,63200,44845,21847,59097,34914,1226,45823,65907,77937,15549,6570,78723,42867,17687,57900,22119,67374,41563,29931,77308,41390,24635,54824,79168,71481,48084,41744,15889,14959,9824,72904,69511,25231,56458,5427,55953,11500,19606,31166,55741,17062,68155,19247,59973,19223,20051,29305,71100,16420,51699,31656,74049,73332,24906,4496,57482,42618,1800,4249,11470,6701,61229,28559,40938,4728,69478,73267,1065,75806,17822,47639,17558,63928,20460,13836,1810,18056,67733,50274,42699,29536,74156,7504,79822,305,5134,49488,58902,38059,12481,31311,61729,40535,61108,62282,3079,53339,38310,31447,60494,13925,25161,26219,24568,24477,77672,71959,79490,4632,69860,67378,4517,53250,57673,38216,53019,76511,38142,41901,17182,2666,30009,63062,72445,25986,17138,43648,21565,35581,50579,53059,41777,9406,65244,28014,59713,45578,76405,64940,51022,24472,19676,41341,75147,10827,3809,57888,49193,69648,7278,75610,38180,49775,77360,19548,72523,48204,18311,27277,39387,78547,57797,71430,58601,17577,52385,66697,66912,43075,3597,44895,42442,67128,30046,45455,36736,45011,38402,20454,21350,8662,61415,24571,32278,52374,76807,20645,2828,67934,29733,58619,12077,30838,10573,58420,6160,15140,13727,65089,60346,70859,42100,39243,79613,8125,1017,73213,8028,77946,27076,60836,4223,27251,46437,38395,75693,18458,63254,66504,49288,23757,13043,64587,49360,44973,23539,67279,15714,34620,65629,14841,32788,14666,33392,62896,9041,77832,24745,78379,50950,67697,79854,6931,6921,57441,46965,36842,10206,39629,39974,27025,42571,47642,35668,51139,44341,70345,43450,62247,46031,60608,49351,67004,24128,79198,24921,30819,36380,38133,78836,60726,19105,32894,43492,69434,71964,12228,18947,19036,26102,35418,52332,63173,25187,57491,32719,61131,35131,62654,41491,34127,13235,59269,41255,41348,69430,47611,3422,8515,69664,43279,57387,41314,62159,347,70864,43005,55722,26173,51146,26755,48083,66465,7874,45527,35045,44711,20950,1307,77305,33768,67298,52212,41483,1565,75025,16413,51403,5309,39823,17783,51193,51072,57944,19737,42638,55764,69463,33017,53173,8286,72559,35137,55019,39473,172,9888,58653,23070,12629,76420,23448,41273,23646,70899,70798,20706,74291,32781,77619,6945,48936,40093,73910,78056,36636,11603,56449,34819,11941,17254,41896,58371,76157,78596,17416,29115,14135,55343,55983,78487,6940,37161,68049,62084,17685,5229,39507,50472,79075,3328,65322,59691,6980,73019,50070,67473,70814,79992,42150,20686,76924,68451,58787,42099,68254,69723,72463,55545,60094,69508,38532,16543,413,23712,65020,39387,22036,7961,8900,6083,51042,29157,59435,51468,38193,10343,13865,42850,48676,50741,4535,4213,27188,22837,73117,19757,71002,20115,6447,3609,37023,27905,22359,15836,7769,28557,24573,42098,70578,46261,57570,17872,67080,7272,70265,2379,69881,30341,78864,15977,67992,37201,62813,2985,68105,72931,32250,17208,73585,46231,62389,71399,79638,7495,18562,15281,2454,44957,4644,75349,72019,45733,20248,3770,4460,70854,19726,19593,12865,12026,16993,20900,72898,49224,46386,43745,19441,3854,55023,62714,52677,15841,23769,22609,79268,12158,8810,26921,37967,76268,71296,13521,58302,12575,62115,62355,75857,9908,24464,16726,34814,57531,31056,53077,65840,29890,64722,78486,4054,3277,41923,32018,34474,9390,76255,50832,12866,42474,76078,27461,12892,12284,10531,31599,74287,66639,15419,79279,60579,74956,24228,67034,50432,17326,12847,32438,65275,48907,63538,59347,44314,48212,40953,70640,15831,44951,51971,20724,20597,49925,48438,77783,51154,37423,55658,75890,26300,39517,851,34521,27975,38712,51375,72784,322,54132,15916,50103,36478,71033,17746,66371,37632,51417,2903,20902,40447,67953,6948,42319,38283,47288,70999,79086,27893,9857,58078,69150,9987,1213,10919,24574,70931,39302,33580,49646,52712,19634,8706,13518,74074,56742,7120,79644,70169,41641,32603,8293,8961,38243,44934,23719,72276,45185,33561,16746,55039,28186,17474,31019,36468,14316,64667,23593,25288,19474,55363,70054,28766,15466,26022,18038,27604,45564,30464,11423,40951,29472,17032,31038,31117,35661,11526,34452,21331,38106,4801,29769,30699,34451,70281,14551,37027,11622,70610,19891,74756,51140,20991,10435,61157,36740,22500,10005,5966,24334,33508,18415,27736,75310,79858,45404,73172,78107,9440,57127,68990,73485,62242,77370,73385,39126,55514,32878,53855,62094,40911,78542,68444,38236,20276,24811,48621,35992,65153,52969,77196,73776,65875,51301,1419,70648,50379,68197,79393,72189,65143,26384,58349,41558,2064,60944,13,54811,1919,48519,54884,40676,44754,49930,51598,62369,26441,19053,38180,78408,50189,73097,54434,5034,72079,24338,67106,7727,1616,15460,74877,31369,52514,49207,63702,36064,73024,22564,72934,18200,35626,77268,54632,43278,35597,40332,42565,37379,32687,9229,13711,42716,56983,49880,70958,688,71603,37566,16934,37549,8853,33092,11439,48348,18803,56390,11382,79061,52057,20304,53395,16708,65314,32724,53992,3655,8641,21813,64947,25339,3955,74635,54278,29824,55099,27978,60151,37181,14984,2119,50711,47755,2965,75523,20927,11852,64287,20745,75941,16440,63726,9145,50796,73547,63595,7269,5834,44761,71085,59463,72396,58566,41288,20274,35193,77762,4351,72589,29311,45519,18453,23037,46224,300,72383,67275,55267,30081,7826,14208,43244,56195,7157,69858,41461,21395,31952,75610,6608,35108,23941,76314,13125,26979,15341,18838,61287,41595,15920,29007,76462,58910,62001,53553,8510,1328,44883,23169,18212,30503,49530,18679,23704,15940,34389,42881,26013,4507,52394,33397,19743,5197,12778,56229,78680,23229,41802,11853,659,9608,9991,33300,70575,4678,50324,22861,9046,49439,67316,41805,5936,48820,20995,6592,995,7045,17712,25276,45211,35295,722,15524,56980,74468,38641,16399,72649,14215,41543,26856,66321,71379,237,77258,12632,37705,64798,29454,57065,23654,63903,43732,40715,55257,12347,28811,70115,86,28487,68184,73555,48358,35090,29111,25195,14962,50018,25327,40919,24885,44425,39743,16449,50009,54002,15332,74211,24925,23427,792,40727,73277,69048,18636,23665,38833,78416,58170,9111,3327,32929,67806,24318,32461,9333,64748,42819,73121,15326,6647,43903,25603,52661,2104,66655,25140,59537,17057,2741,32582,64184,48221,41851,56555,51191,45692,54247,22902,65170,18862,7899,31692,19590,42356,68274,27359,587,55420,52957,44614,45098,3172,14342,7852,25589,28701,49027,29161,7932,77784,38710,20671,37387,6091,48263,33456,50215,47696,72251,7517,26841,30637,73910,33424,38291,34191,27764,65548,20010,33982,26035,65888,67774,7909,2008,35983,64699,72991,31010,66684,23610,42670,48713,74653,38435,79704,21758,55125,37326,61478,37347,54208,47722,24103,37123,60867,79536,48146,57913,778,40557,52601,38527,8638,47828,58841,32383,63980,39942,66857,45020,51870,19228,50042,2254,57797,78579,18591,11995,44425,46932,44294,46911,35308,33071,36751,35615,62888,52123,51190,46310,23714,69584,5304,24368,17112,46873,76722,10183,5928,63186,35308,34540,17691,16498,70858,47285,26681,13909,62539,11602,31347,16725,45642,35920,33213,78257,5582,53518,47029,1323,42707,67009,24536,32570,23507,61079,11407,2772,44708,368,6903,52504,35014,38774,51759,60082,76236,37628,47767,64089,54899,74176,35084,34908,22382,60039,51370,47125,35554,1305,42264,67274,32715,24638,44894,61639,45063,32614,19395,23887,46510,36143,5019,37513,79770,61910,32323,62166,23745,52320,17077,58658,42435,15894,14560,24075,2489,60050,28499,48284,5398,64768,36970,71847,52632,36678,18948,49861,66799,32364,2736,21902,75882,34804,35740,59688,40493,56737,19372,138,28113,34123,25357,77651,52,65687,21240,7915,3078,38926,64972,24267,27353,22153,8436,38584,20024,24417,37203,46507,54914,44261,45145,26418,7746,36705,54962,30472,16892,57414,51097,23485,1995,19848,75915,11757,28652,62341,3540,3445,63225,48382,53688,74437,46769,56218,6637,39519,74576,13209,52277,43793,21874,9975,14773,35121,17910,75167,74131,30944,14127,10695,8739,58414,2034,26132,51,42501,77863,75149,37643,55270,15916,47945,17871,68997,47928,78295,27280,35698,67659,6795,3448,13221,23898,45971,76610,66735,13222,1641,69507,16746,40784,12111,56503,3027,9180,33110,66606,78974,64050,30117,73890,74988,71166,44368,45318,31453,6148,33991,36276,11962,53554,68612,48613,29343,15585,49847,74046,52943,36556,68626,33374,48776,4297,389,76872,10478,41939,25364,26266,21491,40669,26611,65964,41219,53138,39413,53027,30259,40572,21877,54677,64816,21299,65288,54769,53453,43489,47169,10004,38453,34342,9693,32742,17613,58275,19410,54097,44229,54295,43509,23078,29160,25425,37511,69821,55511,15578,75012,49148,44460,63244,54499,41082,2968,40975,13486,46919,1432,70612,60501,37003,76277,34316,46946,46229,70990,4335,11902,1246,42821,47209,49159,75728,78448,61338,27061,73042,28125,44602,77883,5189,27855,22148,68506,59710,76733,71079,73576,51804,25376,69590,36458,48277,48577,41940,54211,27849,200,1929,18531,50747,7895,69175,13185,49327,40462,6469,0,72411,56779,64809,8101,52542,37686,71289,12564,78918,53415,10306,73972,11909,10809,28638,40187,15398,8201,5343,36126,74305,37373,68407,68609,35935,77281,37159,66966,51958,69942,24921,40169,8773,23380,44960,3244,49377,75596,24406,62841,33483,12886,21867,14548,42792,18535,51982,21060,67973,13428,13740,66075,20501,72349,45523,14033,18961,41242,51089,37526,20269,61481,72793,46674,10943,40322,41213,34177,15518,28210,71039,40888,42056,50453,2540,77429,52096,23775,66901,19864,28733,17599,25559,60440,78093,28635,19833,43759,503,51093,12574,53508,26172,38752,69525,36959,55871,27242,35827,74296,38305,36420,46661,20033,77209,36327,70915,4490,39846,40469,55153,36264,42530,26524,20983,10498,70011,5035,10487,65085,49892,7225,79659,26784,19590,13626,22398,25652,38295,48892,34076,18901,30389,64722,10140,39703,53986,19543,63119,68180,69967,65577,39846,62401,22349,79537,21829,58181,45047,55292,77834,49598,38979,45669,78646,45763,77648,70531,66286,58241,24873,49115,58207,9793,58219,31550,13125,52449,38023,74890,34024,21335,36088,33121,16990,46216,69568,79395,20521,74026,66862,30920,1269,59155,39583,7964,48038,26290,48845,8083,20401,31573,7890,30041,31682,59787,60178,75421,9880,47926,39893,24339,23773,59969,68602,33525,48258,62701,32472,62946,11246,29869,13009,26843,10357,56132,57677,24191,9137,77913,5842,16919,34990,68879,23043,70747,43527,37330,21337,33253,72367,77113,65098,49527,32728,61931,71830,44513,15000,29576,10094,31133,45233,40050,7281,28291,60504,254,9156,63708,14046,50355,1994,26527,53232,43687,46563,60481,66713,31749,38035,42337,52533,23092,30839,65508,23746,29707,54210,24344,22225,24407,55217,52936,34571,53339,42125,74040,54068,28744,36527,17482,53690,67174,66091,23085,6441,11176,21146,76239,70204,55572,76432,18575,12966,23102,76770,6664,58062,62050,19580,26089,5651,733,14321,72596,16448,29041,33337,4881,61687,16884,17306,12661,10705,6186,46035,70626,13619,68805,21704,75548,4374,9377,68985,60765,71885,55692,4373,53422,69758,25417,27909,39955,7213,35886,13474,76829,9525,76687,65099,17622,18423,62145,40993,74708,17511,75940,52566,23625,67092,70134,17763,14532,57831,24274,73872,7047,27255,27431,4510,77624,19097,3224,29696,14309,77012,22641,76572,22009,31355,141,66419,68168,61259,3506,4504,61208,6930,50015,38826,21372,70012,18648,39250,48298,74269,61326,14984,4808,21622,69989,43520,54337,47594,54334,66643,86,49385,47641,59053,65919,15176,23239,36393,47132,55930,10883,13404,21438,13344,43567,67028,77205,72055,76827,7756,73622,337,27290,79793,60445,73270,6443,14733,69881,66303,69332,58549,57864,79680,35727,48143,13913,61944,2352,67891,51082,5646,10438,71407,62423,45747,68171,27656,41990,14548,49633,3366,78331,47870,36558,34282,72497,53727,24307,34025,71901,61519,4860,72130,62219,47515,65274,15887,21852,68249,43902,27957,23367,37744,71475,27774,11654,6108,78699,3083,48749,54607,1136,40997,51177,48247,31142,59893,32166,9111,79932,53116,46556,73313,4342,24404,21741,59293,47088,60409,75579,59610,43450,66427,68721,54195,12056,15666,52903,75551,77037,2585,38314,63018,71295,14933,35206,65909,9346,5280,26019,21331,72876,54193,29407,22584,61229,34087,18585,77291,3036,49162,10655,79768,54014,64586,67124,42768,26481,63942,65613,47056,4820,75760,59541,32103,14917,56299,43462,16786,79303,67556,61539,52560,29671,22654,49143,3026,23925,72605,13943,17617,22232,39935,26483,23958,61211,11346,46559,44369,22133,55231,29216,78514,62726,79587,32490,46444,30974,54261,42179,5432,40024,60531,14944,16261,65879,51461,17452,50723,38933,66861,61671,11799,67536,67203,73312,65847,33468,15885,58332,13307,64463,21691,3783,32399,15888,66873,63565,75203,3340,6142,34528,55220,11101,16366,34713,49724,21053,22661,55358,57652,10124,78459,49393,414,67442,34828,11568,60296,29426,43033,34128,76286,10900,78868,64002,4235,48512,72575,30211,1519,67214,23395,74479,3413,6628,7339,33233,5737,33319,50891,65943,47472,72283,43023,64477,10992,53280,40803,63793,47045,31222,54724,76986,30482,75676,44009,53349,11850,35321,71554,73689,13187,21631,4126,58402,70583,12926,75243,34918,55967,32719,55536,42705,66299,2160,74852,50035,79766,34184,34362,39409,48562,13846,64876,33841,65259,18713,15503,54070,62171,40934,1765,70452,70724,15075,55486,32884,41460,70083,68883,59555,20873,3416,40250,46144,60548,8678,34126,19226,49616,19776,8,37492,13106,3481,40993,14315,48683,44295,1366,48179,68852,8420,18580,1006,63328,52085,28834,23223,41961,1058,2402,33527,63314,50396,30138,3192,51939,9540,16728,19180,56128,66226,5095,1411,68531,46642,22163,44219,35906,21520,52601,74385,49965,44596,4194,4695,38694,64946,51338,69235,45466,9626,47424,42476,78835,52234,77002,28108,26946,73640,43205,26735,66367,25619,68750,61519,40086,64690,62235,47600,45441,64669,19140,31849,26600,60167,43503,4346,72685,66253,53950,73375,48265,1260,30072,42328,13321,54196,51192,14906,26241,7744,43397,11942,22452,31154,48787,48254,9442,12499,7577,1000,37015,50841,49313,34904,24004,69955,12534,56968,42750,33844,30391,40974,43167,42170,34658,50307,915,68650,71920,44887,4600,54402,57395,74925,12008,24679,73172,79588,70523,46687,39685,22372,30843,43678,34544,15891,53098,65527,51606,59390,47305,76365,34705,60803,68727,33704,14761,50968,31002,57973,66813,65602,75290,40207,63757,62342,20908,55211,63651,67999,71192,74253,79907,17709,49230,3156,32388,38707,1797,66016,10561,79139,46549,51503,22237,59994,20449,42768,27626,17785,39687,53298,63236,75883,43209,26363,18898,11150,1135,12141,65913,71462,53745,38110,68948,56196,17957,32290,43395,51724,63538,72222,16159,58556,68316,25178,75223,53768,12099,58604,19159,60332,56779,56389,72549,15280,13058,74372,41525,42744,4458,5493,70221,49420,16517,4268,1457,45371,6543,42661,26131,5303,21262,18360,55621,78061,50495,65344,63629,77335,39139,67662,37809,40427,71076,74509,78159,23432,58405,79255,5128,37261,74671,46706,62562,5321,64385,55143,40990,28662,16099,26866,64788,59809,21026,53928,76147,77510,13894,14540,10515,8820,30701,63655,69881,46804,26708,68471,23173,20985,10576,31859,8605,36306,4778,57293,34019,50452,62319,50849,8220,73621,64107,69395,57182,48988,39166,39768,67256,65046,54749,63706,4932,45308,3679,41678,60008,76989,61775,54590,39185,47748,62810,66953,11860,22079,38477,55967,71695,31717,23463,58641,75730,15062,47915,47173,59346,48504,59748,4792,33437,57782,20371,36189,8224,31311,4236,27921,16768,54504,13737,54834,21912,11724,51277,53914,1678,18392,24204,78486,58526,10096,22905,49241,3004,61619,5009,34588,37688,872,1943,10939,77885,33897,11379,58948,3266,45645,78964,11048,48216,52627,63602,5720,37150,62124,23220,74776,66136,43494,11851,67730,41352,180,38332,18039,21248,37650,38486,73778,62566,68365,1919,2106,11279,7510,11967,43140,61245,17732,72491,30325,20925,11468,18895,19858,33046,12192,65781,45422,30725,11052,12648,31745,49146,37509,27703,43718,38089,12934,33150,4562,28592,49258,13329,5533,60082,28829,34831,55530,24340,66887,1225,74869,41240,23972,3482,52221,9661,43096,76784,15570,70057,4675,37206,48061,12364,12852,15278,79645,28644,72496,32136,4366,3144,9604,582,17292,30463,9830,35303,16729,35936,14225,77195,48465,39709,1269,43651,56938,77177,42040,67356,64112,77944,47097,76789,26943,69936,33149,17093,65525,58601,40349,1071,34311,76940,40490,53498,55212,51132,20389,30334,68084,77124,38344,30179,18014,7344,40396,25339,52146,46058,58259,18103,9811,37109,65013,56002,35414,79641,30703,12565,70502,65514,25488,9191,71222,61215,26632,232,28354,50652,30886,18205,4606,38600,70387,25070,37609,45000,19683,46070,6142,70570,45453,17874,71890,59725,58289,15257,9138,55971,23535,41659,48910,77055,70322,57532,14668,32399,20398,28735,25342,10861,12053,65278,41054,29943,50539,51182,76592,48702,52634,3789,31610,50439,7357,22459,50967,28237,12425,47922,1549,47048,7435,20087,62429,8940,2879,14568,73131,52389,65883,1883,42371,67389,36870,7977,24743,74058,6095,5363,40207,56634,17561,35123,100,19386,33970,24499,74317,41993,66545,59504,42381,76552,72270,47054,3028,56286,30258,61856,1974,63639,39057,38577,39324,7954,42699,20412,43966,41400,37536,49127,1808,21883,58534,46887,36980,28208,54524,61083,1070,35180,16840,44005,62508,6476,19840,73838,52541,48035,51500,71807,63069,29360,32468,632,64779,73519,38144,63320,13885,20779,73447,25200,60077,6019,42900,7619,51312,24227,12301,28874,61013,63715,29957,3027,48626,40762,26279,7338,2121,53997,2437,62056,22746,50530,29511,48148,48775,72731,49353,31868,57891,66752,19450,20677,48409,16495,44968,69853,75755,27035,51295,48305,31146,58251,9573,53802,48622,65483,22385,48609,16070,69602,33368,25318,37453,48350,9608,16509,74923,12085,37420,35052,45744,37973,62191,41419,17009,61313,70005,55983,56517,79059,800,59203,55397,1169,36059,34329,72871,70309,11913,53124,36543,21714,71556,37606,58318,36813,67298,11565,250,2075,12991,35304,63057,51675,76441,21896,75334,62356,24949,40926,43249,53347,18848,9307,44126,45307,21263,48733,45734,4514,72902,66988,61693,2252,57789,41595,41339,32152,50975,16074,34776,58106,76717,27559,79738,14298,30228,6607,2090,47663,1462,66213,46002,5634,38746,31306,4559,72756,48925,59961,71575,32633,9305,14526,76531,10013,58826,18500,9861,38111,19390,26131,27263,28278,57729,41952,64303,77421,48194,9611,42225,61067,73813,13493,72465,26379,8124,73485,10372,58195,8668,76551,11360,55422,55490,43852,68548,73216,55118,8108,11863,25736,78700,39694,24803,37899,70728,31185,11368,7257,33856,62825,43110,77777,16057,6685,1912,1910,2648,72957,1691,45244,67402,64292,66871,48900,30774,53180,56095,58948,20014,46498,57525,51474,26573,2315,56537,11910,53469,40370,23467,47023,8426,10016,72509,74657,2066,858,31900,10016,38552,79216,45555,22246,76120,43596,7114,18638,28706,43477,44412,670,72432,73367,6042,43141,57231,42865,43824,12197,76583,77510,16740,63384,10087,60143,21782,5252,11574,11104,26465,19549,29821,32572,38812,77948,38778,44430,20330,19887,32929,41217,2646,7377,58161,19291,6466,52352,70126,4055,79694,36089,62790,75812,15545,12451,20247,45045,36324,33904,13127,6181,44903,79053,12266,15117,70476,45511,71830,55523,17804,48310,67819,32,59625,56783,68937,78417,18875,34716,8180,61941,22269,8253,70987,36793,19132,27885,19458,35,18960,66767,59516,49928,23833,66381,52446,47863,22253,12461,64644,71971,4959,2713,52659,38643,15436,23789,35352,11702,988,9616,41988,52583,6938,36804,33468,20030,49250,11738,72705,61958,39216,65286,18748,28050,66938,25810,79389,42460,26942,46068,54855,15348,60350,62159,27207,29806,67375,18000,48352,59044,29779,65351,6073,46419,76969,71881,65887,71197,7216,36696,44686,40021,64741,65768,76379,47382,68711,20126,20006,37013,78166,62108,72002,43958,23486,48544,25483,4143,46795,76856,68809,74821,18420,14620,61520,27378,699,14909,78447,39864,68419,44851,17948,77496,34314,79919,4338,59844,41936,67656,77081,15300,25127,8106,28461,33426,34160,34309,25163,11924,43957,62875,74509,51435,11902,50952,20792,44253,28327,48115,11647,44187,23733,51976,59530,489,43459,32119,34530,52590,9799,21605,50717,46231,11949,3044,77774,65046,29914,8660,3292,55245,490,11106,77192,55877,56227,77331,64769,49675,44449,79150,49362,69359,53085,32290,35085,2940,73120,78241,40761,73910,11113,79532,41842,42887,36600,24253,6666,13879,72376,75087,2880,36051,48457,29804,41108,14339,61664,29054,48886,16477,68095,64944,67117,44544,16429,64569,40583,56343,61852,79809,50066,5586,61284,52610,62821,14746,63535,72754,56388,67067,5835,35475,60280,59525,264,61946,54401,51489,74836,67583,56492,5150,73186,23059,39388,20365,14569,804,18249,38344,40803,71930,57105,63472,4440,6489,21700,19147,11971,77453,61294,30069,22967,22643,15864,32378,45991,62802,48171,73842,68050,43252,51211,45021,3606,50977,57111,57001,57018,30473,56091,31029,24556,14245,43671,1394,71022,51865,2420,69954,42183,68512,66687,52994,32975,56129,1906,75982,45075,70637,130,2108,59508,38744,49543,23551,28407,5775,38231,10667,24499,19869,67271,77087,22575,44279,43149,42197,51248,24231,1597,21346,6842,69765,44042,70427,50339,74411,14538,28968,21806,34395,4845,60570,15316,32024,70519,32386,23564,3719,3285,39612,48624,66330,38712,5211,79312,31297,8652,4153,34280,39880,57015,66560,56140,78178,5707,27794,30001,53925,28324,39420,17202,24337,19662,10277,3008,73535,19842,57086,63793,59479,73410,78593,18510,65862,12609,42059,1406,51951,14302,76903,17283,28824,26707,51460,33053,7438,49606,49045,30075,65067,52455,67921,70427,54893,56652,43440,27714,59010,49706,32826,68297,16404,5755,64183,105,51353,46945,66218,67846,10134,20820,28345,464,437,49773,59533,22447,8745,20071,43298,52906,5537,59508,10438,25582,16152,72388,57500,47750,36359,66319,9451,67836,12062,26703,7418,61178,31044,14180,17596,37336,70154,39333,22490,2783,17788,58718,56098,49849,12700,8025,68672,50174,57026,78057,12031,10834,6219,57129,32437,37703,3368,76032,32766,46622,62144,67026,32050,51256,38129,5454,24180,8678,78569,16298,57240,9545,44471,9011,74353,25420,71079,32915,25024,46955,40897,78591,56865,40691,25333,67223,67985,52910,17677,63448,71426,76256,48951,61928,62814,75697,66071,78754,59460,53878,43374,42747,38885,13921,16066,38240,23932,2213,69868,44346,39107,37813,60638,1781,35269,3417,46490,40816,12157,15560,15443,67949,2872,72701,37690,18508,19497,5578,2491,34813,8842,29323,50865,11121,60442,41230,33643,6501,78074,5259,12965,71193,24858,22904,56834,73645,15521,14755,63417,70707,10138,64296,24013,12526,3434,55616,40977,74888,23274,79576,20990,23053,77033,32828,67202,38490,8381,7066,67918,16790,19815,49180,46428,13069,60155,13072,79807,25549,45644,62848,60441,65999,7504,50162,70773,61848,57129,49148,38469,74208,23303,59994,70957,19842,66089,55046,63549,43822,34000,11590,38349,68378,9821,63223,10301,75442,23491,52651,9504,64711,75560,43000,46792,76391,6607,56050,60812,67287,76414,67781,50505,46218,51916,51164,24235,79137,46395,40509,50663,78251,72625,62172,23623,64145,76598,59414,75871,25013,67194,40898,38801,60311,63476,71884,16873,57385,28513,52596,43084,39604,22573,4166,59434,42024,40172,45720,28536,66392,60793,36684,2969,46071,28103,62864,58197,20320,18844,12811,42991,13578,45576,71862,44660,70025,14415,33001,42300,17828,69900,47576,21127,46352,19926,28273,44210,79754,8072,38985,47106,66418,3820,46694,45964,79426,47725,32146,79586,25304,62256,36576,16851,74632,856,31175,26184,79267,25981,25688,51294,8964,76190,929,29049,10811,55917,7367,63367,69020,27938,8924,68982,51372,69912,40474,45395,9540,28227,73765,4393,19669,78418,47486,55549,13364,67132,59615,15584,18234,21024,68617,1938,54834,50002,62510,19743,59898,76855,13173,78257,44837,30104,76858,14452,66443,4553,34309,12401,55780,63690,19670,6462,37540,76683,62437,72915,28123,57480,3534,32823,7134,16571,1028,37657,53815,73889,22161,18380,7228,25758,11516,22100,23786,20087,43261,63766,72432,67418,46373,60476,66751,60506,29250,41200,65156,71230,70018,50918,34221,19094,77837,58188,35901,73142,48685,66791,32873,68693,45872,56627,18762,78081,67839,5678,39554,58718,5465,58858,75801,9920,17288,71621,23705,16773,51744,32552,73076,50779,78937,30804,38501,71056,30304,23162,19734,72058,53500,4543,53146,571,25234,71896,63328,35356,14991,46980,76878,20596,36459,21453,73547,21669,37381,72574,68102,64262,38880,39726,27160,48602,74379,69610,64424,34680,66895,32794,21193,24326,61143,23592,25628,21283,18666,27169,4183,18076,63575,58570,10598,53087,72123,76596,5387,79206,797,59477,79191,60663,13927,59687,55715,76382,58442,42006,41242,4273,12399,11065,34107,78414,48919,4478,74046,38832,34668,32381,48073,30448,52394,27682,21511,12962,6341,58012,23339,2139,17942,3522,61607,73631,1308,6070,57547,68437,69961,32699,31598,33845,41459,55008,65573,30389,2931,42063,71406,60394,38504,57210,32129,38416,25559,50651,20873,24807,1393,14619,8386,39537,56245,23793,55900,57108,28625,22336,67542,67051,56158,55737,79153,39889,77504,74129,46956,9552,26746,50913,58722,27584,67173,8548,43495,28192,46080,4229,60672,44937,11022,6642,61754,39318,42886,71024,5980,75355,14506,45855,55955,73182,67461,67310,47370,31386,39311,79448,53442,27361,30223,37676,52717,17528,65676,69025,42049,78686,38421,44593,21476,36159,37983,56459,24246,66775,9135,12149,74134,14002,3356,6911,60962,43313,36454,17587,32692,72704,10634,63517,17112,33161,5074,16374,12008,44022,32906,75859,62081,78699,56400,13687,5518,43469,71064,16619,76566,59742,41349,48955,79609,60879,134,42823,49018,34486,65006,24960,34806,21121,39084,61714,4363,38917,15046,27583,59496,62828,5553,9013,24774,36563,54118,35241,28995,7792,64186,26358,15374,9720,68641,73781,58673,53479,40936,11566,12202,58412,46570,1745,46179,30293,74803,41660,44931,52879,13593,29436,37163,45454,15510,2975,78142,21410,63113,17974,45342,59584,72952,69685,21181,43881,62763,61463,61217,54576,57414,39854,23149,54573,24103,56970,41005,45691,18716,44322,18080,2098,12539,55337,42332,2450,66933,63863,61198,35697,24660,26782,3967,24694,42749,71725,77553,61874,68098,31181,7455,35145,34716,49385,2833,17032,46660,64035,54268,17247,74495,68548,54184,598,27307,37571,45918,58983,74893,69911,36018,3957,23494,78786,44538,19883,21910,74631,44341,32403,34932,77304,41488,37079,49928,69321,39690,33791,3569,60015,46252,30448,36400,22076,56874,74878,42045,44760,52112,23729,49617,36082,36820,33037,45373,37488,17758,63235,70040,77241,44184,48224,15961,9628,32847,27878,59627,24724,51134,58760,50041,60098,51703,1427,68546,32560,169,56716,62949,55498,60695,37753,61712,41647,44698,60549,24809,60924,4124,247,3461,32352,68448,4123,21564,29082,15758,26089,18659,38321,79216,46270,48785,46357,66506,31123,62956,46869,28353,23189,28019,38142,31446,17854,4979,69456,48346,39557,16065,17119,10606,53261,29492,68729,33114,70831,11049,2067,1620,65593,27597,8452,70905,71466,58248,8518,40272,56397,25876,77965,30067,37032,20947,8983,66055,78555,75434,71917,48541,10183,12637,59182,37662,64517,45253,47780,61358,18497,38359,79902,62678,54974,75239,68136,24555,13951,62894,56785,15827,77070,34842,27041,47034,40554,79444,36833,79465,63047,23312,40170,157,57848,36617,50950,77412,23964,61228,64755,19135,35311,20054,11332,57049,63254,17156,72508,39734,76700,38804,47961,50928,9729,3599,33573,44976,5793,52345,72730,35936,56554,20915,51658,1257,41080,73295,55500,77415,11235,43607,61083,71336,43554,64491,31474,59116,26406,74158,23970,53857,16005,67266,16201,33415,61862,71690,8858,27343,64127,52859,70371,62962,16883,75621,34374,45118,52786,77846,67606,54056,705,34408,55718,33388,24365,29698,49185,23898,70827,66598,36135,9407,50533,47062,73605,38325,22791,26276,52510,6469,56640,53936,10850,40473,21127,56276,14521,1999,48940,9362,7841,27828,3846,33039,8962,70334,44181,2963,16606,66513,25063,72336,3727,25643,30826,53335,60118,68462,69189,72744,73493,58900,43402,51538,15179,40926,62658,2888,14125,49016,76993,33003,55938,55413,41746,57160,64076,14465,64879,50835,76956,58782,50562,65350,14691,26726,42769,66832,54076,58692,29427,60970,76642,37914,56331,22832,13084,12256,2788,7866,33450,59320,16469,57833,51323,41125,31830,10711,12256,41028,6988,61024,40459,4120,65634,12633,13437,27834,53342,56909,25048,53379,41598,10001,5311,6577,76430,61021,57793,70890,14028,33478,6457,42871,14272,686,37242,27246,28909,19884,25822,49942,19684,27468,56914,40778,37658,47763,59564,78817,68323,1788,17310,9806,49957,72327,50166,30130,49661,38746,16771,1339,7793,56441,10667,41067,44169,53326,47706,51451,27397,28541,54577,20904,9115,21389,47555,74373,2393,7551,3849,1999,45185,77629,75600,65925,5029,50113,53256,75170,68373,53036,77410,67281,53380,59850,21090,6850,16724,3881,44985,55431,25146,18325,62803,25986,56059,30729,26431,21626,50539,71159,70193,3027,6327,18400,18926,60903,6904,42134,22428,21486,55270,61331,63457,2914,34128,26923,62675,56527,66965,31299,41768,28864,40178,12651,35593,24168,3115,54763,2075,19109,54956,17213,51813,22282,58427,72661,32835,43296,74012,10019,55412,69714,79998,72036,47960,70662,25126,29908,57468,4036,57740,73339,45834,52487,41605,27129,21043,71354,18237,16013,1971,6943,11487,46656,51819,32286,78840,56674,35635,39291,18013,36686,66302,15475,38682,40397,27524,75043,31161,78161,38658,35277,33268,50011,11610,22667,34377,37734,42292,33871,49746,30810,21491,72255,7235,74881,44835,60509,74870,59811,17856,58363,24212,13882,44648,77805,6792,69031,25113,74281,5326,11010,17465,27633,12907,68493,6871,14976,40672,34343,48047,59919,79531,65036,44596,33734,48053,15777,8194,42157,63315,905,807,25585,67735,10786,24451,40299,75977,49074,24058,72341,63025,46973,72657,30173,31517,35150,16988,79653,12282,58925,3695,45098,27301,65358,72758,30053,4565,8464,11176,37467,40224,23314,37595,6560,52198,34353,56332,34843,28487,50596,19795,12900,8342,26563,35805,27795,77564,1038,35155,33812,50622,59330,8235,79166,73300,34614,74970,1399,22777,79962,15920,2934,18424,10276,36320,26101,2075,66180,40556,45151,70531,73692,49088,3784,40343,46222,31379,52987,33481,3516,79393,43189,12258,77785,475,65481,72645,54992,67118,77299,18519,57298,47314,33898,10515,67116,32949,68492,43967,53486,42072,74122,58188,9438,34734,8024,17163,31919,67663,2452,67016,30635,6193,537,58934,79039,68936,24762,34814,55326,7562,35246,14256,29686,25667,11755,30236,28600,73860,60569,50102,22186,27313,63791,34915,72154,22479,63753,14043,73778,68161,46499,357,50291,46273,28233,17854,30063,33218,7843,39604,44836,56983,11015,35934,73123,64606,22885,17733,72307,2994,36094,60836,6272,78259,50325,61379,28005,55068,35815,18671,4339,7848,31456,15041,63750,23512,72519,56572,69603,53593,2535,222,5767,40888,2461,60754,72888,31135,441,65462,2188,67206,2298,7426,18693,67923,55395,6306,52676,28326,20977,77139,40475,23690,77365,44623,18712,67885,64996,79623,24610,30727,21072,60357,45849,60087,178,35203,31153,1995,34077,41760,68143,76194,21154,48324,60687,30163,30020,31382,26367,47834,25225,38615,30620,55229,1419,8281,15889,10103,27932,8889,56624,75928,68554,61153,28551,43629,71026,69934,32537,67030,41991,47721,51180,65363,7395,75714,70965,9647,21382,77595,53414,17596,55441,10467,69082,15376,72511,347,22084,20612,78565,35437,19832,63073,9550,2647,6556,77411,16860,55787,76403,157,13259,39834,71445,31782,73541,48908,60881,72589,13465,30943,60550,46372,44648,61160,63649,8625,34492,75572,43187,68256,21001,467,73970,63661,50655,3909,6095,13995,79744,12776,52592,31846,49353,57066,28439,61542,37407,18322,32453,47860,57068,50276,69232,30467,16478,55301,5255,24871,32964,4031,51008,24444,43172,61004,73528,62334,1601,14702,38349,28455,53984,9822,26729,16999,36883,13927,54183,57395,10573,10181,12692,28723,34096,3934,66065,35595,17198,63058,35303,75571,8448,62798,66331,44999,32365,75369,67711,61070,178,36795,74356,5810,6756,257,73202,10362,31655,17390,57505,25934,30467,27539,14133,61786,23963,29626,50634,37485,43368,25667,73972,11617,43392,36268,55474,3611,34970,14310,34060,53793,56977,68267,52908,65704,71974,35606,27209,79865,48265,63873,41097,40899,26722,42801,7333,3865,55669,18861,71574,27016,51642,64053,46070,51806,75770,3950,72102,78837,8926,41046,44561,49027,51743,2518,20802,72065,64157,26762,75322,48360,74032,21553,27653,70348,73595,57445,55882,3099,71568,52496,79036,3288,76541,18784,48416,24719,15145,36048,54683,32492,33909,4659,14076,2348,43552,65782,55217,21844,10770,69615,49250,70585,17513,21986,9387,20848,58344,31037,43632,45918,41557,49967,27740,22288,7486,43314,62713,53354,68939,29630,28981,37005,8142,12915,55256,14159,68178,9690,61068,29970,41593,5155,61430,62624,79635,76362,11345,13062,77293,37881,77864,64776,70735,6856,56419,16275,21139,50873,45707,771,64941,35577,39760,40800,51154,15520,31634,13354,60623,27617,33047,9,74686,29187,46360,12427,30419,61813,27608,65872,48529,421,74179,24782,35149,21708,9623,12355,69437,28453,30940,51619,61074,63625,21584,43768,77045,53275,38010,22566,36377,35736,33018,79006,21636,18666,24515,61920,21999,9625,73859,13097,66620,76755,73062,827,33975,76146,46794,22028,2672,13088,20154,26782,42881,60401,45331,54339,8234,19660,33094,10175,48355,37400,73483,11641,32233,68768,1671,14351,41607,1423,54248,24620,6111,19487,70588,54454,49811,28366,53074,74975,16512,15686,17471,1682,72854,6770,12496,14542,71565,3132,46255,28822,8882,434,65078,79794,13638,35007,25658,74461,43854,6340,10751,22266,42479,12352,78340,29279,33994,78837,78149,47966,45740,54981,24214,6078,77860,2496,35319,67858,67600,32926,78632,19500,79656,48904,10779,54260,27482,41632,79398,65028,75212,40639,56119,37497,32911,9567,55487,25663,5935,29051,32140,2618,64748,2250,25880,50878,18760,61074,10266,39716,257,47503,3130,75219,56934,46007,73115,57838,34287,2147,53080,46418,51051,35306,70199,29417,35315,51441,20202,20464,8219,55629,58435,32514,19384,3345,82,67426,39805,24071,74606,75468,76512,5130,3930,29401,68190,34785,15332,48759,48127,22113,2158,56717,69053,3212,18781,388,21180,74023,32912,42509,54299,39978,77532,70131,23894,42238,76916,26097,63862,27472,56836,40735,78263,39275,30300,45867,7685,67418,7043,48019,35078,21482,6066,29066,32203,3291,31288,54891,66893,1542,13070,50356,13920,42141,32219,4964,71267,20138,28476,61349,31888,19523,37414,63859,19296,7168,71229,70947,34125,57827,37637,76458,69329,71830,5188,55987,35739,78098,24759,40789,44620,45633,32254,39724,17664,17030,28433,5253,67959,9046,38905,9468,75459,48967,13303,9781,32093,20255,77134,17492,25318,11081,77124,34811,65882,46632,54091,78947,71628,54407,43623,25724,7812,2503,59094,3068,74548,3260,45950,6137,59598,62433,79442,21251,43954,49670,45971,29189,70316,21451,73595,51019,41815,37647,72014,55668,78872,6239,14190,36057,14918,75002,63015,6847,15409,39950,32373,68374,23244,28799,71992,54140,12616,70484,35294,5640,21330,14770,41757,20191,1986,49271,25821,53929,77586,28917,7491,11318,14714,7299,8157,1237,59441,13693,48567,27428,44165,71197,21282,9936,75483,38252,6211,19197,10987,54077,23022,35035,53574,2486,75645,32598,33754,20191,55850,64153,64170,5096,60159,70335,72383,22164,53689,34806,45258,32442,17320,65672,15869,39700,1947,33802,70689,77226,69588,57230,27791,11428,77560,5456,58326,54682,10650,50687,34284,79239,5848,43171,63960,30350,52532,11239,25031,71453,26801,53659,72745,4530,31311,51297,63079,20713,32980,10611,40745,28145,69551,11245,24331,38771,70721,44984,61921,54366,8885,42141,18124,84,60586,36888,39323,45668,48248,7914,72903,16028,1962,76837,48907,39587,47129,44043,22184,37616,14937,17236,42048,18066,70236,20650,712,59634,73091,72487,7463,51060,3287,48515,14724,58410,19704,61416,39526,56299,525,15959,18877,42611,63428,37157,41178,51662,61773,26491,78194,29558,25872,19880,21004,61160,2772,55234,40166,36677,28864,42539,60874,56656,34509,31789,64822,29320,55002,50333,33363,42887,50912,12265,2490,37034,11116,43406,26873,8910,63609,13744,57215,22528,43363,54257,76393,64882,46984,44217,73000,47377,51062,24366,78932,45293,24155,73740,23566,7665,79099,3480,1084,71040,25808,44355,31730,76057,33770,35126,56037,46631,55758,61264,74504,15955,18517,30383,40355,23011,70206,6047,29859,15664,22705,45685,30648,79581,71917,25415,73450,16211,50813,43126,73498,76618,60549,69098,73858,35236,59671,16111,36060,69796,19256,44809,11970,75460,6189,72166,46730,58878,5373,65588,837,60714,54755,41143,66621,51097,46586,25362,53245,6350,68450,39247,43019,61183,6653,40551,41221,35078,68738,27122,48593,39087,13046,38856,64684,25545,11608,18001,37706,78536,66331,60432,58388,47463,75829,22988,21996,48699,19277,6573,9711,39159,36066,35515,62217,70061,41819,39556,57368,56350,9658,61897,73528,75769,43872,34463,70332,63143,36608,9421,42126,58523,44160,23014,32679,57537,65885,48558,11787,78879,58904,71485,64316,77576,75525,3372,10627,50911,19198,52666,52880,56240,52120,47297,2325,22112,58743,20446,74253,45336,19289,55645,17309,3874,7087,50048,77749,25676,59988,55495,49931,38013,79341,7320,24918,37453,35408,55249,27884,23963,499,62663,67094,6053,19546,72326,52275,46865,5209,25389,56664,39088,30359,71380,23231,79788,1020,75077,30617,67139,15610,2111,77852,73222,2149,25308,45600,37191,37015,51937,78185,25207,75049,71507,4806,70593,73311,11517,32006,69694,3573,1138,69978,14726,70931,44385,36254,66275,68227,41523,4760,70980,24637,31601,3841,25742,62217,1924,41771,26462,656,7049,70139,73735,31606,73654,36782,53623,15459,73606,78835,47471,17440,19628,48713,63454,10083,48429,72827,551,60182,39115,64127,15153,14591,39161,2868,72408,24238,46286,74331,68047,3133,70747,37028,24243,76830,14751,27102,57973,68914,36602,27922,38059,52058,51523,59458,3110,34190,50992,69825,43684,37464,48673,13829,52779,61464,66114,47301,2107,8474,19818,51657,41811,29941,18931,79910,49660,963,24816,78574,1082,44944,921,50970,28414,25241,10676,4813,40560,49351,20621,74789,60044,48019,52771,23512,55705,32721,59899,54807,9907,76899,9434,20674,17265,49257,51595,9647,19752,29754,76546,18498,76813,3459,11454,74605,72529,70865,64187,45356,44234,7988,40760,9951,10513,27247,27146,22895,63255,61207,60949,2884,70102,23710,32179,33907,7495,16439,4176,22723,71523,70765,32870,72433,65364,31338,74855,19802,72698,237,46662,63996,44306,34879,77422,8571,22529,3215,73036,58938,51801,56433,36611,15294,17412,25079,35537,3050,56261,37233,22603,12495,5250,30366,19840,58070,67955,36081,49648,24513,9195,47340,20082,47791,47296,61182,9097,66428,58364,19198,14667,46613,11020,9995,14229,4881,12914,53032,32747,60248,12833,4815,55133,27497,4585,75248,15273,44916,36297,74528,20247,32649,59935,54999,39148,846,46764,42755,31190,43461,63309,9333,9334,55964,74439,78821,51393,73782,993,1384,43985,77636,49996,4827,10792,20610,28950,7435,51221,28686,58691,58680,59840,9596,41349,16148,29715,743,10382,41826,69434,20087,6574,15331,36126,69277,25442,65738,59923,29157,44701,42252,34951,35198,16439,52102,34479,44036,32029,35375,62486,18947,77336,78320,61603,21853,52331,8515,74753,27856,73884,1066,47355,45869,45103,70166,29332,5535,41703,34382,70892,26581,17217,63170,8530,41278,70291,44464,62431,11636,68003,36622,65691,29967,58639,69885,5649,68519,37319,34689,38530,55866,41421,46028,68711,32662,28795,77893,46705,17413,19477,49301,74891,14631,21111,26147,69611,39551,13097,77374,2649,61645,62547,33693,21735,62129,54778,38850,60999,15002,36325,37412,46619,24973,66417,36566,22750,47018,20790,9885,11421,24970,20169,34136,17228,9050,29127,22641,10713,33218,71279,77483,75160,48358,17059,69520,57966,18939,16652,50375,15289,8869,15214,77301,67155,31045,25124,33427,41244,7270,31858,8286,59961,52012,23901,40985,6454,78799,50707,19354,52627,77718,39560,54063,5720,17247,36844,65635,8178,30138,76801,25559,15567,73724,69534,29880,25559,41502,10679,53620,79256,46044,32788,1804,48282,16633,40640,29358,77876,8233,47897,70515,57260,31854,16890,31532,66026,19568,18479,10885,36243,40997,28543,35542,41677,52428,26855,27583,17079,6966,21375,66244,63644,7851,56120,73309,49097,17102,21931,73275,52017,75152,15038,19442,60734,39329,4007,4854,39572,45838,33279,22228,48996,64583,7524,13470,28941,65179,47546,30553,41512,56328,14054,40643,75251,78496,37346,71227,62998,21570,18408,30771,73468,5441,6397,36326,60380,75630,20420,39481,48236,42135,36691,10346,14384,68482,50244,65385,70307,33873,60667,28918,24108,74778,24621,36242,65363,55178,39427,26341,56679,56951,45774,32519,7447,79689,49885,74743,43955,77997,66506,62129,40449,29540,35775,5137,7092,49375,37836,11410,22866,10183,43424,42561,73878,11541,46338,19706,34918,42328,34720,19485,70498,26,4413,56645,75800,3970,20380,34983,36635,11348,43252,19638,46211,68226,45328,52930,33774,14013,34794,69003,12384,64347,10149,61534,50911,43931,43358,47121,60359,66020,38869,6039,59250,4290,24247,23391,18452,10426,14278,58242,16085,77648,42104,42226,30178,78984,45606,74903,45661,31165,53519,49498,46219,63669,13467,51757,19939,34876,9698,54486,4607,65083,11513,61317,4011,16623,14104,79476,17351,1879,79848,37284,7071,46299,5057,26090,72991,9694,6860,2275,1928,1503,66778,25250,7852,49486,24388,70706,21482,17972,69853,10404,4556,33522,29741,40278,3037,59630,9721,28685,13652,22514,64376,3320,14908,78475,62963,44969,39301,34456,57314,51261,44420,12775,76756,17788,45443,61347,56794,70997,72357,67690,13063,5853,63978,75497,37242,71401,16095,19958,54183,11980,59122,6857,14846,45595,72055,6175,22721,28411,63948,61509,35161,23049,73661,47199,11469,53698,31348,19751,22979,34017,15264,73254,25218,26195,71052,55038,7952,290,12381,63933,77818,49702,60242,17559,50747,64545,5601,18026,67855,74257,52158,41773,76690,40265,46521,25271,34670,51875,56720,8236,48309,25327,75971,20629,6736,3551,32503,63205,15354,66721,36782,25851,41790,28059,61721,4505,54942,24654,24483,38146,71277,73193,67324,26469,14751,12826,33864,77511,66484,57455,53992,71642,20081,68623,70107,56034,11764,66619,78819,18808,71444,76672,700,6922,22808,35563,51589,41850,53509,56511,21757,68630,68044,36267,57383,26757,16513,30363,73759,34932,67893,23659,9015,35249,1678,10616,57466,35504,35494,56652,2989,59643,28956,42767,62133,9609,53826,35815,59433,55214,11325,49470,61613,60908,73095,67200,74157,49503,864,3169,77784,59067,66674,76106,396,66946,68276,33090,21956,19627,2155,48911,50113,4340,12708,12055,20403,63348,2323,72158,29038,45856,13128,20061,3608,43301,22002,69508,56251,65763,67253,49565,65414,2654,76225,68546,62829,65875,28636,46435,77121,38051,8589,44492,49012,79345,49825,647,35355,77357,12394,28260,2313,51155,49912,20931,65992,65808,10576,1981,76212,20919,31199,34931,46290,29049,21163,63433,68195,69790,61840,43065,2781,41072,65669,14168,73460,8272,60178,79379,23763,69981,75406,76669,14111,77330,37162,54652,45843,65998,45942,20244,74491,39365,16152,11137,51812,77650,39120,12127,64433,57339,39418,26108,3592,23749,4054,76580,37872,57189,58916,66699,72537,73659,56218,32130,44676,37660,71739,17715,30969,33060,69339,8834,75521,74032,11482,13644,1852,44489,6365,11243,5004,48728,18847,60062,9716,49088,40808,12778,51545,64123,33177,28882,27941,47396,8094,6186,59216,27110,77979,3592,53141,59797,30848,66034,59241,66457,40892,41835,10648,20648,7368,18801,51582,64408,3060,66630,75439,51795,55181,79833,63706,75975,33610,59881,3827,53663,41337,15985,50717,42967,61672,79108,47331,8608,39409,73241,8683,39923,60326,35984,54657,27597,75822,42452,39360,44584,25352,73499,51507,33650,58204,1071,66902,8865,8906,68100,35374,37638,13063,29567,19789,16073,42877,43582,70056,60280,60075,76144,56594,43966,1382,48911,4764,64220,45810,8015,41853,36348,66546,37884,18535,54243,35780,49811,39799,48796,37134,33226,21274,67202,53199,26636,65258,5651,75058,63798,22684,62208,52177,25100,70120,44818,30180,23831,34549,3336,74394,7889,16752,18038,66568,49198,16200,19613,70234,4565,77696,74530,73898,67719,50283,19953,45364,3480,60892,7845,73576,65674,56428,35487,70272,70153,39000,4306,1956,15174,36038,13326,28824,19572,67372,49387,39544,25351,13257,71595,17323,68243,66010,1641,28623,32493,53120,78512,26558,20399,6448,50750,44830,51493,68626,76278,36900,54052,6262,28875,36562,4443,11832,64807,67249,40227,17105,58831,75808,3716,51543,64346,24959,38883,69882,24772,57792,5524,38809,78361,21148,1199,2233,78171,58177,9843,23750,17652,66579,74336,73125,44504,78103,14052,58125,24432,68783,62678,75508,53544,35243,16168,74257,33048,24367,43653,59952,3573,24247,13077,21334,62310,67319,38799,31713,44105,64720,11713,29205,6219,59170,14591,34403,35473,49875,33531,49899,15882,29800,6637,20668,31244,35123,14897,64497,27059,43295,30553,68809,2743,44701,41515,2891,51860,7955,6991,13292,30817,76567,52049,71247,17205,72848,67628,17954,44085,59130,10755,4711,62065,14943,52130,54997,56051,35533,48127,15465,75448,67286,52281,41165,67807,67571,16856,48920,35338,26383,14799,28268,16131,11745,3879,70207,27492,43416,50911,51035,18131,30629,59229,27197,74542,9092,52431,3973,27929,44294,31828,69227,52096,15700,60203,63453,1448,696,30533,62364,27802,49901,73818,19257,58734,47555,47935,35771,57969,72682,23816,61260,9840,15944,13025,28327,79808,79234,48329,23317,53603,58307,38729,79392,32404,37815,264,25165,683,28152,55966,31615,42470,36039,40788,11043,47416,61556,72022,24071,22720,69697,54665,77572,48467,11520,40015,2951,20651,34031,9697,62991,43956,74579,71039,68190,23615,21100,15466,64745,62478,55642,11769,68039,54275,28097,40571,74057,46825,38602,57419,35384,36059,52633,57632,75071,27880,17366,76043,41216,18015,51699,7282,65949,1978,71495,27002,30653,47630,68851,20533,32237,54422,58088,12856,33216,63886,49947,76613,40630,16199,26936,58729,24808,4027,69776,74721,30402,79,36035,55988,67391,48236,40423,16044,69340,52595,807,67418,39785,35815,60480,1521,9287,13863,17882,11153,66472,35530,37461,56905,37369,10253,26826,35654,23097,67718,29146,61937,72018,27225,20285,43579,13585,46220,12922,47513,16851,64694,68978,70872,37000,26837,31101,52701,367,52606,47091,16827,72494,72049,26342,8574,62173,40523,76856,77389,11002,33798,19320,52807,30817,6671,31089,18754,39280,22962,9784,76426,24466,21325,24446,24714,21063,55650,4622,60195,34856,2841,33439,33192,54581,57510,17643,68209,36004,7587,72489,71226,6424,74563,1399,69753,51559,65122,51140,55202,44371,34447,69500,42301,25289,72380,60699,22495,65935,78263,77663,77751,27111,2668,49249,57844,366,64183,62254,40993,71876,57063,16011,18181,57777,16727,142,33652,67831,67263,43601,68685,40320,13990,57640,31040,13904,67939,42418,63643,65031,74818,60632,55950,46965,39239,36091,37705,12259,37661,4888,62765,3194,8398,30932,2415,18044,70151,27867,77977,14990,66471,49055,54684,37109,6755,74805,31865,42828,79346,47919,624,22680,11924,75221,36412,1406,56125,60783,50941,30736,29452,53546,53937,44665,2907,21722,8735,62546,62644,20204,78906,40897,48307,4793,52442,31968,50994,71352,54140,62784,35539,4482,30356,66703,68513,55206,41619,35656,40028,19009,19103,954,12502,24910,73850,31458,29884,3627,63410,22325,6863,6615,42059,11196,4683,38849,15676,40919,47203,1621,75528,3528,25203,3916,37874,41560,4027,52002,12409,68072,45310,9655,28024,13412,21996,56510,33070,62594,54814,23225,32689,73862,53984,69402,38731,30531,31579,25974,52959,28609,74608,42324,79172,61163,62331,52116,51041,43174,31717,77860,19281,13509,25823,40695,1120,62293,36599,16802,63463,40639,32322,15775,4875,26971,41337,78723,65806,78650,18054,2594,61394,29499,18752,33780,62401,4609,43831,39149,69453,15284,49217,79293,34588,74902,65391,62877,39601,56591,35544,79892,48126,473,31534,52216,75913,20120,18781,59583,78354,29167,32727,35344,76380,8318,40733,14421,61391,67323,71145,60953,51708,36564,79610,65672,36550,6224,10055,39259,60721,18732,64333,34359,43547,1638,104,40844,58767,20907,73423,30950,20019,63309,55599,5888,76390,62319,21248,22746,74505,38703,11912,57293,2544,67978,17677,74246,47972,75476,62944,78605,27090,41307,953,30751,27131,36523,30017,12228,21182,20574,78654,28042,36008,57965,28760,70361,41036,68806,67820,37677,50402,74617,6783,70158,44738,69076,49573,36165,57671,33757,74560,34256,10255,12566,5647,35438,58106,55871,24566,73702,147,10147,19665,13439,23068,15476,34293,44831,65317,46854,58297,76952,57412,38170,18048,50796,6495,17369,35727,20179,7411,79530,20007,59210,73623,17476,48199,29217,54230,34388,32929,48747,31100,26054,34837,51752,65979,42323,48523,45532,2332,6097,2135,65732,1454,12227,31128,43307,26403,75644,60902,46397,13826,11504,1305,74094,42873,38010,20299,13788,21685,70185,24920,34097,68406,64584,30529,68708,31852,59186,21923,1618,28536,30884,78227,73761,31074,29877,70776,61159,56040,38236,47623,37441,17248,54977,51525,75805,65178,22934,75703,7445,79643,72880,19493,20896,4931,63818,21288,16891,76858,4030,41655,53298,48763,64498,28996,11825,24607,55460,51957,16803,52290,7853,17354,63448,42631,29200,32804,22964,43216,25924,62464,14220,19861,47869,27256,30720,66600,79545,27352,69376,62057,31672,52297,53205,76378,19452,11131,60209,20595,56806,62362,26977,77297,71734,43907,31578,69632,23279,37129,22721,59107,41642,66561,40763,21902,21562,49158,52078,28474,537,72040,10096,64446,17783,37361,36407,34201,48440,47931,18054,37352,46014,3369,23198,74944,9881,36605,34352,12939,14545,50544,77256,56798,67872,15902,68358,50783,63785,71031,45358,56819,12362,19682,32482,51974,42563,10602,74386,43573,78916,49531,65872,20187,8716,63811,61443,71151,63904,13474,43006,42746,43128,25124,17999,38621,21036,60415,9982,60745,73208,55866,47139,73175,41354,62241,37872,73677,48555,14710,72857,12085,55587,44081,65594,44574,3998,57992,36968,23008,16305,28705,54624,53166,78935,54957,9161,71223,21270,28934,20516,10143,34395,60939,11393,12803,12986,73960,41928,6886,56893,46556,59999,20561,3018,27256,54683,48302,72244,53051,40219,77635,29340,26174,62270,10770,59672,64232,11197,39952,58910,47441,59688,8393,64921,59853,65737,50445,57899,67941,48858,857,65821,34617,40356,14215,15894,15369,65402,75124,75777,74332,16770,76159,36813,21211,67248,60441,21142,2499,64425,25387,29674,68220,69863,38872,68652,73660,40071,63196,51388,47857,57269,67968,60623,71096,53336,14649,12903,55518,16152,19206,62785,4241,52885,22634,11991,21610,64608,42988,18342,60282,27668,70119,39602,23046,52385,32923,42705,41095,39266,15862,16242,4759,62737,48208,12592,3570,59474,4384,62430,78757,15509,39163,38721,57852,72963,34284,36981,73041,995,40827,1205,31684,53552,48256,53414,44908,50103,54981,25356,62630,11887,22755,15425,56933,42167,76019,27739,49209,48066,21173,12486,46225,63736,35903,3514,29282,35220,68401,55453,72171,42681,10113,49681,21406,58477,48320,69208,71791,6471,46738,42612,18605,49640,29417,10190,27441,65070,57247,20022,70705,1564,53459,73484,44062,9526,50211,63576,4633,53452,40433,64530,2993,56740,15359,73211,48615,25278,58955,46703,63485,12423,25316,25498,43675,16230,26889,64064,1188,74514,77150,55452,48159,51476,58014,35349,10894,54898,8044,9176,50223,56020,5825,69228,15637,77012,52174,69729,75236,25451,35391,52327,49862,73408,98,36210,140,36186,38859,17045,7688,36930,10846,31463,30459,13011,12620,34712,79594,25720,10496,55295,61343,23293,34467,50267,30522,74091,63673,28684,56131,42999,66810,64334,42492,49547,70613,5459,26906,28421,32563,5666,33335,13681,74322,63967,67299,54809,55535,74205,9830,20551,10421,65800,29106,17186,31092,55662,16135,10096,53862,28760,31921,5964,57109,79242,68530,49874,9575,25641,59690,47805,14049,35279,57372,51651,43324,38727,17624,64712,64326,50610,64096,32581,66605,37837,61365,37200,70923,44793,79226,46815,125,34598,43079,17457,18570,44382,79847,8265,65251,10645,72217,76223,57257,72008,45643,36588,26307,66759,18147,21877,14202,41761,34791,52650,8727,11431,30990,44184,19977,16576,38542,23642,37205,22082,11556,4082,62605,56325,4457,78056,31471,10007,73877,43050,20264,71750,41553,55748,25109,21609,40039,19269,44946,2227,58913,60364,21160,40421,2953,68690,71534,57908,35148,49774,55546,45331,69184,10274,50581,22564,4003,34661,17442,77103,68172,53668,63805,58213,42233,7100,27855,56738,42109,71131,43654,28433,8911,39635,27909,38763,66493,58266,35215,68695,15025,71931,16837,29560,76618,46076,4836,57153,64295,41795,38721,21217,27667,64543,47020,24910,32122,10159,49435,62765,53411,24295,79583,19158,37375,28618,35900,72136,78581,31245,46022,36161,68217,47538,79039,23562,78905,51520,46858,77720,78117,71238,22593,49530,64003,65512,66234,34977,54348,2932,38913,35986,11070,54859,7133,35668,65199,16892,17245,48485,69339,64677,36809,76256,43925,37550,7015,12450,78931,53869,3706,31249,16795,3939,3594,53242,50528,18340,72638,12557,40959,6234,26095,2645,58237,59571,17589,36203,69537,6165,50343,1508,25169,54160,58363,20652,36842,63053,21749,71948,78757,33363,32918,79458,3504,17589,4013,74393,62409,12063,18173,3974,63745,62452,9355,25209,30856,14529,79043,36511,29729,61915,45231,62800,57613,8982,52593,16484,76222,54132,52845,63591,12303,19755,74494,72584,38257,55342,23006,79820,22229,41463,21424,9494,71115,29656,41921,38714,50492,53417,30395,30226,17720,42867,50279,12974,9572,49841,78043,54665,12506,30520,21747,70434,66204,60939,59032,14596,61058,74238,57508,60593,75334,28034,4082,6224,48903,8731,60427,70590,48448,51414,72712,4438,69770,3356,55235,23643,28186,79110,71415,6813,58624,36095,46899,25010,10560,38169,76476,39271,16866,20810,10810,18686,11195,23041,40469,26986,21492,27308,44860,67475,24224,639,4712,3091,69538,36763,71315,20213,52530,67190,54902,36223,72852,14170,47631,27148,57692,73202,9221,72922,38705,18761,32034,72078,26722,40511,47194,72899,42884,79768,54531,54350,19431,5759,73375,4375,900,9977,58350,60237,12518,1789,36927,23789,29973,23019,23018,28124,50801,42395,17198,14417,63659,77526,32174,67138,76458,73170,62302,11475,22936,61481,29925,21491,27934,32597,44055,24417,34884,27971,46705,36818,39393,22363,73227,3105,2906,32925,71146,75753,3521,12353,57264,36247,43633,67978,59645,32255,63838,57828,10072,52106,56771,273,1545,48663,46261,4349,37429,29465,12702,78438,56335,35970,18464,11112,65895,10584,78144,47021,13505,75829,64692,49007,64756,51619,37858,17488,19720,65557,51588,27239,70151,65683,18694,55819,18631,33654,5696,69707,34296,38420,70399,35275,33183,34073,47499,30261,10831,7803,33742,53519,57048,37804,22662,35214,26661,43318,51179,56479,75538,73406,35432,22617,24614,52720,24175,4234,15850,53973,18332,8791,78841,78679,20215,6151,18176,47834,77241,71786,8555,28008,64611,5829,9476,31204,70732,44598,47532,29788,15797,64334,63355,35335,63840,20307,36256,62238,62487,35055,70380,10084,11742,78124,54464,6683,26320,48585,22025,26522,78724,57466,71363,29323,21651,57868,69838,72577,27020,53822,36719,31506,71463,53633,33145,18709,24248,2361,56290,54818,18238,69953,43407,25288,32066,60142,53768,4784,30623,21225,54756,8893,5549,55297,35864,46164,5442,14826,1574,78606,55344,77553,70526,54625,75238,74563,13814,71743,14168,10782,41261,21079,45684,36615,50612,62915,13930,22239,25963,47106,65584,3791,50760,31666,30740,54840,73625,75525,27191,11338,7034,76540,27543,37217,18685,43120,9169,3366,78440,634,32620,46696,78604,8952,24669,42068,12074,43475,7932,64287,62054,40680,2093,47227,77442,17359,79115,47783,12851,73604,23049,54863,59503,61480,53675,21122,72835,27685,68044,71128,62661,76788,11531,79465,47745,75670,21044,700,59143,55687,53582,17895,25345,2020,45995,19548,49471,54223,78151,21548,22096,14007,26072,43575,33038,71244,2449,71046,75039,78010,26684,32984,43430,37713,62474,37950,17967,52711,32992,40951,24199,18329,28797,71389,36372,72552,54640,2256,70703,70057,73019,13146,41289,4599,26309,37688,45201,70408,74604,36529,25510,3482,59189,19950,69060,1138,1607,53221,52429,51318,46080,36736,45064,13875,39558,59193,7462,42995,29237,18592,44500,34139,57936,47897,23966,50478,43256,69306,38950,37162,52106,20319,41513,41371,54299,26179,42519,56236,39923,22132,78000,38045,21274,61986,14569,31700,20519,23462,36047,75743,47037,20807,36866,65125,7817,27165,71037,49996,15717,39931,75108,14141,78954,46559,36005,3584,67817,57277,64290,68155,3749,63635,32017,19321,66496,77405,70864,68940,47013,30562,36025,66246,38762,45142,59834,49773,61435,57852,60685,3981,47760,67054,6698,42641,5009,33066,63705,27874,12964,79323,19939,18765,26381,3893,22581,16568,67237,65620,68491,57844,45608,43244,32619,73261,5586,59859,55035,55536,61094,46935,45391,15045,11255,18592,79679,6569,65886,59858,133,55644,50750,77769,60895,18990,63250,41810,40418,33597,28929,1729,17897,25290,25101,75900,34228,36849,61594,77831,43650,30792,48454,57008,45885,6069,39029,61654,17954,40323,26570,66547,72900,16502,68045,4887,30723,4328,6133,69493,51425,59055,77243,54791,31767,37750,76853,49950,13581,15179,799,35223,26054,1648,26741,11514,73739,15558,77585,16308,16139,7427,60774,14250,51967,3516,5331,74290,10673,40630,24177,77808,14365,64831,23066,66940,40788,36392,79888,32931,61360,50787,49701,65211,63443,32559,3130,21318,54218,44352,71161,35808,37463,54261,72771,76802,71227,13861,39288,31051,5740,24650,59326,54176,44758,52102,28447,77570,16717,11740,28189,41710,49920,59573,10875,19455,2635,70952,42277,18294,5704,53995,18830,33214,60119,23937,26274,58539,29735,2342,44957,65411,76558,62630,58578,709,18284,34937,54437,32588,8040,55611,39440,13819,32403,71417,48846,50804,20515,78623,9226,29053,35757,27775,6205,61425,69886,71025,4455,39558,16053,10274,11003,15868,6847,6232,42586,55949,5885,25998,16111,76139,55845,79776,48739,61333,19947,7472,41827,73878,61265,39479,63831,57354,78733,17857,53415,59003,2912,49561,4169,18409,22097,64602,70709,45516,68159,59315,22758,44760,39758,30722,78478,56313,48601,66633,40218,64071,27312,15097,74926,31202,76087,1929,28804,16932,21718,43102,73484,70133,35113,19517,17753,28999,6512,5093,31147,20493,35091,2665,61860,60374,8095,63006,44946,50455,69795,50134,27142,40045,75620,48911,20056,63609,72039,53176,16986,57185,64482,18316,22909,38483,29921,37270,57932,27884,14435,26304,549,46334,73999,28631,23672,65756,57215,65129,66999,67584,6696,62463,32003,64037,53399,43142,1067,35781,44263,2743,54259,33847,58464,60226,61122,20848,77607,23902,8144,54841,32718,11708,72812,19693,25228,59521,70524,38745,48120,22307,59512,59766,70869,55345,22164,33806,20613,20003,27805,29629,2893,50553,12285,60964,37313,51523,49879,55488,76948,79838,25018,42631,59382,24292,26099,2043,51950,42758,32618,68410,21635,67220,7835,77596,60577,9394,21863,11165,37644,22076,41371,62856,42255,21209,42240,64666,73529,41026,6818,72056,27590,79247,71929,18037,65421,74567,22694,26452,47002,39376,2995,15882,75149,68418,51094,55302,46925,27133,36468,560,46092,7664,35569,24305,27894,36101,45815,3986,42146,46832,17796,3120,16823,15316,62409,31845,69932,53678,9336,72901,1737,20747,30970,39048,54291,71501,28977,58236,76845,47870,71997,29622,43873,65024,1691,60885,57926,27889,19217,58580,17058,51195,43939,33135,29611,35650,57589,51166,8051,34314,6248,47250,49478,50019,44697,15995,72867,38034,35058,74036,64983,29660,59510,62089,46214,51388,32727,74651,10326,3623,72044,2074,76350,75258,27719,23355,60908,19132,64951,77659,55548,37703,20683,49539,74920,33659,1127,12736,77392,56784,57180,62249,52305,52145,16272,34155,59385,939,43376,75538,33120,50638,27847,34631,52023,72981,52436,57844,72852,70720,1939,34448,71370,69852,4206,39910,12948,6082,62353,10310,24376,66588,26253,42146,47205,38683,31164,34426,67364,21678,51760,37345,71734,15734,65514,20606,39798,71173,10590,27284,34857,73707,34925,43233,19504,55655,54517,65615,6888,61281,15530,4693,58567,4146,32719,66317,36625,17252,12308,4836,14976,63158,67161,23149,32253,71411,40246,30102,46348,43740,44121,16817,1275,51808,61695,78190,67800,18820,50239,25088,74435,15781,66188,65269,58009,30739,101,77637,55137,45747,19268,30907,4293,35032,21751,373,71238,17398,51459,7182,14474,39373,77208,50974,60033,29699,39968,43978,48776,73350,56069,64670,28819,29813,55120,29911,9384,56654,4751,16277,25337,28763,70457,7198,71278,55678,37343,43177,77922,30453,26325,27155,29378,54537,17732,77515,71613,32765,68330,27689,5363,56211,5075,20794,74856,14800,44098,2463,5369,32601,63203,75470,13438,2817,77897,52845,67086,41943,27393,43565,35214,58506,60571,78329,32834,73217,25348,56068,20369,76943,56861,64976,23041,17408,61494,78788,5122,48635,38718,60604,52426,27284,60083,27396,4354,57907,37105,7382,16493,74738,45485,25197,21668,20796,21411,75783,25722,64453,64570,63546,68811,74514,57290,40249,12086,45527,63760,19848,35419,50160,68867,26374,62778,23566,8848,57973,23383,72249,42364,1420,31760,33663,1795,14031,33433,33764,46837,4752,42289,48759,56430,78339,53933,21569,53749,21418,52954,25429,55675,49773,22819,68528,34227,23263,49109,42849,56314,38746,70222,73021,52127,42831,32452,36212,60886,10573,65535,3149,31881,21204,6242,34633,51222,49224,16569,14218,15072,25467,76023,33911,13966,51190,6489,61500,35160,59932,23022,78936,74193,12730,34801,49880,64281,24580,36744,1703,47990,34150,51259,45347,62175,1113,45737,14158,24486,41458,14323,41080,11001,75026,49377,16512,52799,77459,47059,10237,72058,21799,19249,8563,20824,42194,61384,64609,70658,67751,12589,12225,71778,60892,63157,55648,63777,41203,53856,53436,26018,35023,16574,54578,56943,3911,6201,23963,23378,66990,53063,30881,152,72237,66709,11448,66917,14243,19224,14144,56048,33516,26260,53470,21386,58852,17795,16904,54229,14636,37196,42293,75963,45082,34526,4576,12744,63296,51903,37459,74937,2944,19424,68649,20582,71455,26720,70794,9751,57476,25245,8784,47918,56384,37602,43003,18579,79163,47743,2111,16815,17443,64555,18331,68299,60608,69460,37390,60226,32367,51486,75022,41777,67164,41404,6110,8625,17898,34587,22079,21107,41514,36764,13941,17876,21551,44920,52980,71445,11408,74473,46554,49847,33898,73810,61145,2020,57968,20659,62632,32944,31080,27116,41959,17015,58091,51383,27989,75458,59621,65568,42494,16099,59513,40278,20822,49208,36085,51419,58870,59631,13738,77331,37582,1725,23515,64130,78041,69690,52573,71337,16964,801,28984,7992,56797,37098,12818,55076,62139,43526,67545,45872,6256,52842,18165,2858,41310,19299,53256,435,13938,19464,44062,48451,17469,34580,37346,13720,49028,48135,32050,64363,38511,26329,50267,13977,71190,5320,46416,21726,33445,79295,60902,19921,7415,60740,53384,5897,76295,69830,22864,2042,35454,6834,36299,20129,6567,64393,78063,63810,42543,18991,44699,60503,58505,62210,29340,69400,62212,71165,20623,15132,20063,55766,70902,38895,61062,21173,50118,38002,34928,30143,2806,67162,72452,14048,76221,21357,35088,57400,485,30760,65558,16189,61680,68069,27123,48963,44375,913,46445,70542,221,14708,64698,30890,9619,22145,36824,2275,15247,66370,78397,5376,68472,25184,69217,57876,15076,15559,28617,60435,3319,67118,33554,67019,33942,56394,47714,24756,20031,13706,36598,21320,65481,71443,7171,35407,5239,19669,59394,10239,79257,29259,47432,71561,75928,73221,69047,30663,6512,42485,42592,32511,23303,58383,78565,33965,8340,76538,22499,15299,48344,11640,30609,74102,52128,56581,746,7300,52504,55491,260,42387,52442,14048,78661,58633,27735,47274,43259,7434,46203,15425,40500,78926,5009,30821,60320,73864,58305,79362,67374,19250,63197,65735,72515,28344,9124,12868,13614,7394,63981,60633,1910,3306,77269,21574,8312,34862,645,20526,5900,51202,4729,16537,21952,4825,58627,5090,27316,19703,58641,6198,18031,6744,49724,57110,15198,4965,6388,29892,62857,79678,65397,31957,394,13129,78477,71688,73102,13976,25422,28271,11070,73237,36080,45626,53842,58335,22378,74267,63399,23508,76053,44094,3247,60220,18624,71607,11984,31715,33016,67872,77493,31415,56457,3778,4022,59917,76147,37303,47377,43896,62157,40682,35007,38465,40073,50608,48260,45765,62245,77652,16525,54173,23785,66146,18364,7200,28845,55035,66773,9341,78281,67094,3873,44065,6714,72957,14032,63197,39601,71435,22773,1634,630,31553,36462,37011,56427,6360,14262,389,68644,49388,72484,22897,61065,33374,75635,51794,9841,52821,16538,23159,74608,35819,47763,63151,39279,26979,31116,12319,56061,22457,13929,78635,28478,59811,65453,55223,65989,12109,1450,9739,69972,40669,12545,60252,52776,11730,45721,36382,1537,74943,10906,39912,73258,32593,73884,41130,76555,32646,71369,62504,50490,64046,18017,31917,62747,57935,13520,68733,75453,55739,32040,8983,79899,45970,5385,34216,60426,23110,38526,68259,43147,67020,26786,65030,17275,71916,78403,78882,52716,40064,62097,38846,19271,66768,49030,46023,62303,19647,78205,58102,30129,16084,3744,67860,24333,61036,50058,15690,8640,2563,6548,73412,10488,39142,61714,27547,4558,922,13021,69876,66826,46762,74824,68227,14547,45627,16176,13615,58053,65413,19812,26533,40683,44346,57262,55265,20662,59703,34890,56566,8355,40057,11800,7966,28312,10656,43719,34174,4526,15859,26815,27874,55148,30028,51995,30200,58124,42135,75675,58065,1855,70435,37054,35271,64194,2807,52286,21898,25217,30956,6022,55604,14518,74556,70437,57072,28699,76099,9566,40713,20314,59951,360,16922,33743,38289,46592,50912,1950,62398,10346,72750,9122,10931,16394,45275,6472,32480,8967,3033,53258,39126,49944,79588,6352,45401,68706,61929,26155,56018,60172,11237,55582,21003,27972,10019,15507,70447,70396,71878,60631,31133,17148,37002,76188,27321,49409,17677,46328,77590,45790,67003,46552,30158,14145,50864,23031,2386,31114,49775,36104,30760,54078,28350,5733,46942,18874,64120,46800,50949,75583,46511,11851,58250,70345,3770,77254,32678,25362,14436,25891,49645,43536,6419,11571,7223,62099,19080,31765,42343,66008,67329,48860,37534,70200,79753,60224,65116,71845,72674,28307,57430,5230,32307,1916,59006,40187,54859,74469,78252,24493,39469,76362,66993,23980,22939,70167,75462,37010,31115,71491,65040,17503,46512,34632,4660,63849,57937,56399,46766,68578,8485,74691,50210,69982,60824,51348,24801,7486,40532,30115,66186,1651,27236,21339,28703,59526,21467,26845,73537,11908,14642,76724,74434,2416,9746,17414,35942,50085,674,38177,28927,37026,61903,11332,9518,69823,66810,51451,26224,3479,46233,77438,28233,13389,75857,24510,17200,38194,31793,18757,52601,5150,23056,63721,6852,39236,61100,52657,58190,9598,27315,22455,41785,37507,1638,61025,21289,67786,46042,17343,52265,58577,74027,3785,10520,55685,68457,79548,49669,53317,70576,28340,32987,15008,22694,9017,37465,27148,35296,25129,69658,11295,64109,6199,48193,66490,74518,17857,20701,15254,16934,59442,3680,20654,2063,50428,11390,43148,57839,73705,48743,10745,55576,51407,64347,11721,8444,6621,26461,66353,9016,52629,64047,12967,257,68412,69830,43230,77747,64154,69931,44635,3876,47486,55142,12861,76126,16387,9672,64744,6232,48116,72662,37179,36585,16184,1589,8391,73743,60378,55416,16149,15823,48696,72867,45640,42710,62381,36287,31990,29056,35155,78263,59505,50900,35158,24865,46640,56983,44318,32999,45585,71475,68486,46994,38117,21675,61048,68218,75622,71075,7071,39904,79368,38987,17444,26890,50711,44274,6272,36993,78470,23658,20088,24808,69522,68612,74853,55517,34517,49019,10838,47597,18704,14676,13709,30456,736,72500,8629,62407,7844,9417,43190,49083,12962,66289,39441,6697,65192,28384,63685,3798,67672,51196,78759,7,60986,41415,48557,13677,53509,54885,5624,58420,3469,53294,34801,55374,45711,36942,21327,46952,26917,65748,78068,79882,1435,10899,43270,53252,64116,44430,3201,53098,56782,65839,77040,67995,42382,61424,76364,39936,44277,10101,18659,12583,15946,31654,68083,53759,31897,17811,37180,73616,32232,49830,8013,32401,6638,37366,47126,22573,15053,11832,11269,64126,69728,24392,24700,12110,44078,57987,64994,58469,35038,50902,39100,26685,30031,10527,64203,1444,51516,65973,12674,32179,56608,34649,56240,41318,46983,65402,48190,866,4081,18837,28647,7825,28008,5774,62751,76190,23715,51277,72409,11510,29694,67180,38018,4929,7132,66446,71730,62498,48292,53660,8181,68759,66471,67868,29991,36944,76446,49280,8238,52743,3573,15813,25931,25545,18883,9545,30903,75653,27723,57234,70405,10047,34948,31361,62468,73949,51011,64193,1181,77149,8341,42199,48819,45179,79933,7195,56467,22436,48120,25243,74323,44065,49,76969,5570,21119,16928,65020,5607,23714,27234,72451,38578,349,20644,60070,57027,77856,15669,17086,50428,58361,20093,64826,10736,40275,28930,33584,50281,8544,2757,32588,44545,70925,74906,66658,5560,3288,79528,21037,56610,20267,20636,31277,63987,25477,21348,1545,19345,1478,65256,11762,60922,6790,59451,70335,63910,25692,25998,17753,35136,69815,11811,57538,75163,67307,54387,3575,63008,56144,12155,22077,55841,69,62555,41666,16969,72683,21712,43899,3146,58862,47279,67259,57671,74637,31233,58280,2617,60787,30051,32098,70591,33948,16461,20017,39102,38659,4072,30287,56682,17775,2472,37094,60926,9284,31801,65788,8495,13887,66488,78525,51344,12194,79812,9959,46690,6272,21659,11563,40355,44081,50457,70436,73573,65392,303,38890,75734,33714,62218,16049,13576,1048,10439,1679,28964,74385,35052,35176,76952,64692,77055,62250,14625,78702,35066,68698,64656,28172,24328,76641,18798,44497,4686,27626,62386,11681,19577,53848,75430,52945,72776,3484,14664,62325,5918,67040,32161,14076,9845,58291,16135,7940,27837,16058,20726,30973,22150,56512,7841,29151,76796,64079,55567,22309,64479,60103,28539,7871,72106,53531,52836,34411,6510,53291,60981,27458,51387,16015,56625,61742,54147,7471,20726,45991,59825,35198,61630,65895,4570,35562,23867,20734,18761,76672,35277,44284,35848,37406,41317,24431,21728,5941,67332,51442,54513,41828,39545,40109,15768,53882,8760,19136,4823,31630,32506,4385,55003,13046,74795,76369,36340,15678,2462,71267,68179,29132,11706,14339,20588,57528,66901,14859,41832,44312,75443,74083,66426,9524,41771,68104,36736,18320,33608,30492,46014,8149,72921,62655,67327,76208,78556,75733,29999,18045,39574,2418,69477,2897,18970,63003,67925,32048,65213,54156,79048,9852,27894,57321,65687,32415,5948,30765,35039,78947,64566,42226,60404,65532,15581,64499,71575,26713,76952,45690,54492,55237,56121,8738,60281,34608,2413,30226,20475,75372,63737,31516,52268,58828,55031,57244,15110,73456,48564,39616,78143,64158,78826,8804,75254,22432,75440,3815,14450,1167,23508,17535,75204,6263,78640,12130,21697,37985,42370,19379,27275,36742,7955,66393,7041,7121,25940,76600,32242,48132,46786,38150,78766,65555,63541,32108,31124,34856,34000,39885,33968,25359,76150,18993,17691,72158,3626,20980,40341,69667,64679,61662,2158,49958,19083,51942,19298,27049,587,12316,51099,57663,7444,3588,50217,79698,65354,75625,45634,60173,61312,43931,62480,34090,42852,34563,63080,7417,73454,76302,19156,12104,39868,835,2058,68970,42765,17050,59457,71578,29138,5529,40100,63733,1547,5473,23720,9954,72019,14090,42978,53236,15332,28223,20187,74771,76751,16973,39317,77086,34929,26303,15410,27175,58193,1160,17586,66199,7278,15925,31277,25488,37778,12628,36021,67671,52050,27474,51066,56185,14018,35064,73008,68123,44784,53045,69155,23788,32594,64913,52960,11049,66277,26991,66369,60429,22500,52574,54669,51121,69278,72633,32275,39248,26835,57233,4213,48738,43734,34347,51513,57838,1399,77006,60394,24179,2773,14302,55987,30686,59456,36431,13963,18247,59799,63675,78711,24486,70738,41401,64010,41654,75539,17608,17642,9319,37440,2236,48064,46026,18819,12905,24207,65136,15109,35881,39934,28240,50409,17255,6002,37034,36148,44940,42454,27919,35726,39211,35435,64596,18218,21102,23784,10632,25747,29687,76825,19467,59647,22261,33135,72065,915,53579,24673,12577,68329,65330,12383,51305,22886,76329,9545,79738,10612,53668,29794,3377,58746,47827,64639,75098,58205,48162,8721,77826,50025,5088,54054,70550,5448,57362,39531,46733,64473,37147,1987,79489,12611,25041,47082,54609,36091,52178,26677,74846,25035,35588,6396,34709,56402,59423,29079,4022,12937,21080,2973,15973,4011,57067,65226,23887,21665,15880,76879,45604,76292,23261,62656,71253,12845,25753,73023,48822,44295,9972,55084,67165,1760,54876,3229,25822,48217,62956,69887,78122,31249,17333,33351,59316,58817,55595,8832,50626,44112,358,71209,21133,52235,7215,52574,2793,76223,31164,39509,65211,72799,32887,4828,32564,16086,52909,33158,14358,28077,3121,25696,73641,28717,47627,6854,70097,29188,70566,2211,33378,78799,21506,30668,13152,21521,40342,65164,23153,69341,37677,8256,59275,19177,47287,11065,54508,76954,11812,66857,14840,42130,56080,44457,43873,29242,11492,48135,30801,46570,70735,56893,13974,26875,77219,18635,67781,31641,54258,68970,71745,79675,26531,34225,17961,58086,37578,23245,25614,17755,34347,32444,12574,69505,11257,79372,12118,13871,45145,60637,3894,47482,47074,1984,23235,49290,207,12638,76387,22833,24935,18919,66221,42223,45787,11975,74023,78752,43077,10587,59913,28902,49870,66334,5984,34012,41331,8991,66919,28827,69486,31002,50881,3557,46631,53377,16077,24694,56749,53466,23569,28895,59665,76083,51185,27586,77490,42364,47169,77443,76007,56348,27923,37194,20382,67009,23383,77562,51681,59630,37425,37312,31386,30311,13310,34108,9035,35604,51824,55673,44076,71101,22542,63955,69015,55670,1405,29437,70661,56257,41800,9180,53437,39980,55645,56775,3438,6506,48828,6056,42199,69463,11169,26006,79379,16730,69844,66135,58846,44306,9874,4912,37278,26554,43688,6007,17006,21127,27455,47384,48485,70059,64071,64789,22015,20653,57927,35419,21786,14707,13459,11881,15570,61265,36187,10744,71803,38940,13500,11931,32949,8887,40815,67740,60021,19802,35080,8294,74839,58991,62995,33796,67532,58198,13399,35499,45988,40200,34031,53879,245,73710,11683,12120,4559,25067,79234,6236,4775,42385,17856,16882,15907,68547,27495,74798,21320,60995,77274,11778,49969,64988,37709,76053,17617,31547,76248,24860,43292,28632,53559,25819,24988,66001,75639,21457,44619,53971,31272,25112,59689,72246,59140,1765,1011,45612,30354,56001,8584,65015,74782,2948,68694,78732,73902,64996,1681,36156,65478,14437,17046,12913,51900,55871,44315,52623,19852,20293,45592,18470,71527,15016,59222,12097,72969,76505,3696,47006,65472,27639,62140,71949,76425,53104,3726,14380,61220,53793,44815,43535,57889,9199,76590,20603,2242,39765,16106,67763,23228,69184,56385,47643,60874,6575,46505,40324,49579,20404,17510,5189,64638,29282,78915,49479,47690,59615,63486,16997,3768,42280,54625,73377,69138,62379,77839,3346,67444,47604,9947,727,22346,37832,28506,50640,35234,30511,28104,33302,57462,78154,20765,18179,45269,2996,66803,12308,63906,20005,13060,38533,49300,76227,51281,33722,53736,42637,564,54552,58001,32565,443,41546,71427,31531,42028,31314,61772,18889,63253,5248,29140,28994,24360,59139,29382,3965,32704,5992,52241,66188,19387,46758,35906,68284,36155,76035,22601,50425,60698,36384,68721,46264,70338,63047,28006,60875,1703,15604,52942,59479,26906,60319,13332,6463,25523,64185,44182,26012,26962,1874,58691,47572,39976,77851,6383,58941,6960,56436,10040,29334,57513,42378,22296,77610,42860,71453,13701,54487,14215,19569,9449,48655,39838,35113,63833,41627,26959,73581,41019,55317,67652,29458,17471,20550,58806,6738,5170,69711,10043,62955,40040,33013,41811,9838,10576,56530,78360,79323,5728,36351,10037,63007,5754,43904,63550,61276,48607,68972,71478,79015,76039,43757,5453,51417,60037,15654,72493,77903,67635,27052,35089,50464,23495,62546,45765,39457,27850,42246,33453,75415,18149,58105,53739,13786,13284,66136,72248,68419,6517,3463,18140,43520,5582,33923,59853,3686,58555,47396,78947,7673,24359,2130,19064,61516,67820,64309,76914,49771,60025,76265,59768,48535,69279,4813,14104,75911,45758,17760,850,36506,41086,49772,76006,14135,58050,59930,27602,8405,9760,5918,34001,40106,49803,68520,47165,70484,546,39107,18653,39467,36408,77053,68353,15669,70100,12887,38256,25687,30642,46427,44555,74079,210,38582,5139,17109,75660,6241,50483,76207,8517,34600,44615,70691,5082,44498,52972,22974,51982,11996,51195,51178,6491,24755,54697,44861,16854,73038,2968,22302,28400,16508,34846,78597,13209,65779,17412,16371,44660,8884,10647,29524,79909,1053,7284,55175,19370,27083,11967,10851,43573,56248,61316,52523,72493,59548,8895,8181,4749,57870,42410,2755,7261,66571,15039,76141,11698,22573,72356,73021,73622,34293,43829,63866,31818,69616,53017,964,56100,51625,50615,36009,52382,33441,72065,74257,61017,49655,53757,59144,76885,42389,48331,55059,3116,53467,47149,47025,45388,59226,2569,45124,24759,40239,63696,10013,47085,49634,70894,46594,48617,66087,78438,67172,38359,27862,18325,14326,57168,24689,21310,58163,18951,50448,22227,53704,68623,61276,44818,18740,50292,9826,37737,55988,815,56516,6978,72037,56448,78448,13454,22952,69425,35360,69480,25729,45510,46663,26778,64659,26196,69181,1303,9620,21766,61268,77699,20244,73570,3067,28653,16436,43191,8075,6648,64247,11457,27515,23050,75002,51866,2476,9251,27410,14893,9853,65857,53670,37621,17759,2372,12906,7855,79424,41183,45204,46838,26587,18941,4311,40693,1297,11046,47758,77415,73757,4146,76243,18032,7489,64018,34439,22154,49358,22447,15529,72175,29843,11530,63374,67524,23317,58711,27157,45998,78746,8121,17210,37420,8870,9037,12962,7599,49571,9019,60632,16494,34837,35424,8159,367,444,68586,61574,28492,4116,9732,72304,19013,72623,16544,73281,23688,5313,35006,40706,5870,77404,63189,61158,56009,23435,22391,9357,73757,53245,17150,50941,267,64344,5705,12313,75496,40757,43592,11232,41289,1429,11298,33072,44599,1516,75752,29618,15072,15268,56287,19846,63085,38110,42058,8091,59252,57368,4578,52804,6937,76150,71168,41032,31139,45668,46920,48553,40545,48013,47689,42736,60162,7922,9617,17608,33332,52118,79171,76910,41337,6612,51169,44480,76250,26746,5136,42278,75194,1962,35594,23127,6999,7285,64264,50469,8364,26626,24590,976,41455,61465,12152,2691,67668,47847,62293,56696,62423,44823,20062,79986,4554,34659,14025,59163,7997,15761,2521,54788,12679,4067,24829,30706,78976,16150,61213,43647,16819,29841,21753,61549,14153,31260,65730,67943,5494,47335,31248,5925,57202,32000,16696,56559,73995,21066,47990,66939,22343,29544,45505,74124,24845,51861,62205,77894,59390,63405,67468,24090,30087,62282,23996,41933,53756,30721,38735,41992,42420,55603,60457,10374,21291,72884,14662,21026,73368,50201,72989,25915,13939,30638,62978,7174,14982,68334,42202,24219,3745,1818,19680,12859,24614,78152,11943,47605,63793,77827,66695,46870,25094,65280,27092,62853,44266,67158,28638,12158,74306,76278,40031,75385,76527,51472,42347,28800,25796,72086,37790,20455,70945,77518,60925,14601,13147,24754,26657,33805,36037,30220,16967,29722,46922,72612,40421,45677,24655,26988,53841,4464,13536,28059,59622,69057,22974,55462,77443,54224,45732,64401,62011,73533,29937,75233,37947,27833,71117,78432,7209,73951,42065,33554,61001,46062,1416,20435,56914,14557,52047,43733,46324,27149,44583,1844,22325,54098,69453,54957,59231,38177,49558,56647,76471,36408,20653,25374,8164,64869,47949,46402,73502,39651,41026,20992,32356,22705,65550,53690,53000,40585,29201,61635,36392,114,22751,4128,37870,41160,5202,1987,77628,59229,9112,40029,76872,1236,52190,21441,5514,20479,34986,10892,63156,24171,8291,32743,51847,29578,79175,14249,78811,22731,27373,16726,68516,49014,8432,23035,39514,1260,56769,10200,36394,65648,74007,65296,70906,4459,22515,79142,24819,65382,33747,52985,32589,20991,18872,57524,51200,31678,4983,22164,58954,72144,76390,25366,71300,62888,60392,42373,25106,70931,62845,10384,34036,72702,77177,37571,48477,44501,78403,5607,51508,71063,73156,44080,55485,4972,66815,17667,53210,37275,58495,17008,78029,50957,52833,74914,10993,3234,40472,230,1128,42845,68651,72455,40698,44852,32376,54176,42891,9659,29481,7911,78425,40453,43743,72036,50427,10137,46899,79752,12593,52854,5933,10981,67687,79120,63299,40775,6582,79725,5262,78019,59190,64183,33825,11574,79920,5619,64530,49754,77216,63099,50106,48085,65038,49670,12533,5371,31509,40565,5982,17646,46520,39624,35806,45151,20059,79402,45855,62329,61759,47951,6843,63777,13604,41837,48714,24652,13083,39815,34203,65814,75135,1462,33976,9677,6593,10329,19795,56005,23854,39364,67588,13325,52225,35238,37183,12377,37888,26645,46172,17157,72990,8349,33958,46055,30661,48908,34902,12640,19941,33934,9807,16644,17296,777,59489,56489,75104,51232,3683,3859,18852,45735,64466,8899,52455,39592,22018,26363,76370,28885,65397,18333,67983,13044,30650,60636,37130,32098,59900,33336,21751,3503,50195,60089,28783,65394,6548,9918,33013,11644,66979,78425,33970,6776,78619,51684,69809,70845,45076,55540,22751,37720,25444,8735,8087,33531,33731,35784,8326,26240,10461,28996,6308,54894,56894,20364,30803,51205,67391,61974,21628,4206,34432,17043,55612,4419,2353,13529,19891,65747,59388,55390,4784,10730,6750,11137,58006,51309,73852,56358,47421,34378,75705,17175,72383,74525,48133,41516,68456,76113,70965,75084,48407,65097,20107,5163,20125,31917,1331,31209,70444,50820,55703,52358,46706,25453,8688,10197,33331,52282,42174,25022,38484,51098,54126,36765,50246,27557,66430,41756,26359,37834,50544,29429,68908,69866,13177,232,15312,75459,61197,39752,56500,75866,78307,56692,44628,45095,20339,1526,57514,58297,36709,16189,45634,65916,59877,79096,7997,25424,53279,30171,17671,7542,36607,9275,8413,33408,59834,5280,47023,60136,75416,33995,10610,55431,71267,92,75671,34903,68862,19968,78103,41176,29853,79414,17754,60058,67220,69932,1325,74535,39178,51062,32622,49838,29695,56101,9984,11377,25276,47317,61842,12950,22369,29098,29066,53384,32095,57627,30278,9020,59408,35881,64184,46808,43253,46230,79365,60487,71401,928,1884,50967,22295,14133,64079,27242,1328,79789,44534,50681,61604,77568,29530,16528,79938,11929,50850,21704,60744,64053,27703,23473,44196,78906,45103,79909,38991,62593,12209,29148,3070,47820,34919,72657,5084,14703,27145,50492,43932,23728,39317,7541,32311,77404,27108,37150,20315,53921,41605,41528,10055,66509,27828,8048,59000,56910,13777,47215,14429,58122,17517,42738,55293,71415,77316,20800,342,26062,18634,78143,27054,65944,61055,74452,46690,52268,38904,34093,3617,28223,51345,45857,68617,65151,69391,47189,54577,75936,21372,55352,36637,46715,70423,29975,32777,213,4823,63862,8640,27428,36537,33549,42110,68279,16909,40620,77077,19535,6441,598,34478,30576,21547,31680,32192,56932,30068,38786,56544,27533,49223,24929,23830,78711,17828,49230,12840,48907,72150,69944,76976,61002,22991,79980,14943,34067,18142,57436,2132,60703,69778,62291,61700,58822,29412,44832,56841,49914,50428,49900,42898,77487,58859,50873,78651,45992,41750,49240,22844,72056,43696,22523,16457,53478,50477,49947,17420,56359,45280,12562,33197,56835,19893,5270,3201,16293,38565,59410,46106,69699,56215,25109,31650,54075,36917,19162,73454,79488,69237,52689,70613,30661,67525,71669,43385,34661,35916,13131,23760,27824,39096,20133,25366,10558,69764,54371,36407,38795,6695,76546,23505,34757,24416,73427,15322,28407,5001,65098,77296,48798,16070,58135,24708,46722,26883,53,3910,47653,53231,63068,52250,49049,27319,12620,44717,16525,27318,16287,21752,60333,15400,60953,8117,22377,43149,53933,44767,17484,71303,77965,20426,30237,60121,44109,64139,33516,33986,40805,44669,57654,16282,45129,46498,20712,78280,62160,20556,23361,34486,10080,22444,38232,36431,30495,51464,36022,22870,79612,54691,2847,15072,32900,11234,36378,48548,69127,40493,13180,537,31621,33436,11125,24816,52586,72697,38424,48079,11871,34917,48877,19556,47107,41337,54032,58819,41171,31490,53912,54506,39884,66575,28319,48777,45715,13801,78831,49290,34128,37786,320,31422,48698,25556,54877,52231,60969,51009,50955,55710,44613,56403,2618,64772,32625,58727,17881,12784,33012,59575,3027,3381,29455,23787,37590,1284,76938,54131,22620,313,864,17804,11364,5237,47172,64178,76765,30573,59615,37141,70995,19036,5025,59551,32882,10636,71088,70742,53962,22362,14540,45583,72166,65158,23865,6271,67945,35886,1630,71651,57473,16880,59362,66470,68502,46859,76487,16934,68074,15465,79092,59067,37391,70055,1260,60287,71619,9424,40452,38102,28352,8185,26517,36175,15538,10717,48490,47293,76320,28373,45464,51962,56720,73449,30301,1066,28146,25479,33103,35246,16612,46077,13925,77855,8859,30029,42675,60688,35754,63454,7726,47805,23494,52308,11170,63930,48222,74143,19804,23718,55729,6616,49844,74434,20326,43087,24580,5969,72621,66581,53367,53037,42441,6214,43107,20920,44355,12365,63376,13337,31491,27139,21925,29219,11317,3592,15105,14101,10844,51364,60260,4203,5155,59304,59655,39700,67971,8188,29203,7530,75145,48170,13660,27651,9295,7996,8908,39929,56513,42098,24790,26752,15589,54738,26019,33379,79676,67263,52313,5424,78285,8529,32962,17153,61244,26628,23646,6961,27629,63129,55297,36095,75577,32633,42993,51938,45157,49988,79139,48589,19450,24642,26243,73532,41706,32277,19183,39393,39498,12428,51268,65307,60128,79632,46480,25306,42301,69784,13847,4490,57188,61633,211,6828,62107,29102,6008,60221,34643,71540,64237,13577,47828,9702,15700,19630,57295,76341,17415,79510,7361,49525,26098,7169,60669,43105,19310,21092,5949,76010,47219,28583,77845,15755,383,23805,14691,4305,1542,24467,56781,17055,68850,20062,56713,33320,39592,76754,71876,56653,31909,3892,8984,34330,62091,71885,2649,74396,79836,31513,29759,45905,33280,18909,56675,69108,45608,56198,43272,29011,33099,12304,42168,48211,31320,42290,44419,68213,15309,7449,72358,61817,55090,18652,40003,48608,46855,3122,46741,9173,12985,63494,58187,66260,71489,78753,14408,7130,23950,42317,43724,70008,56222,3500,24315,50225,275,33185,5700,39173,34402,16034,18861,10142,56067,75470,51739,39450,32115,33802,17992,42119,63154,52530,74360,53080,71801,75314,12887,61306,26246,48079,76416,11920,52890,52829,3724,2050,69122,19565,47149,9150,22132,6042,65561,45172,5704,8758,18641,64247,23661,37363,7731,32549,51288,76082,2191,64940,74809,34616,21592,48526,35297,5589,59449,69391,17195,62600,68947,67902,43233,35126,62327,6815,26856,21910,36553,4204,38948,58580,63162,17452,929,31780,67068,22374,70829,59625,62507,2521,8301,44716,71218,52740,72228,1929,64169,19717,9071,56176,44909,61416,62925,78397,79725,34346,67007,18824,34936,31300,39104,73089,63612,54480,63510,68119,17510,44281,7562,57441,22503,41029,58074,79122,78968,33976,46130,79681,75342,61380,69556,31357,46650,59437,52678,67287,22709,51576,40527,73132,61629,46276,66996,79331,25094,12734,22654,3514,44267,15486,60048,59441,35116,48792,44600,5227,63888,3903,19548,46377,53492,63412,9263,15147,31321,10540,4844,62118,6997,33279,40910,44789,58909,74421,55404,56396,16559,59033,6620,72108,25339,48065,69431,65857,51938,24055,50305,66952,17389,22920,77756,41544,62195,1634,70298,2030,54099,58138,24485,6442,3254,59442,15169,64889,61998,30101,47443,30987,32529,54624,23779,73099,34343,53247,18602,28032,33525,6790,70780,69000,59386,28696,34031,24670,29071,8604,41164,12331,56300,49359,32723,26902,18154,42629,19507,69832,39199,56445,27767,47790,19550,28876,29915,79414,35813,8943,49016,63674,43576,33984,5401,29854,49186,76709,77225,8542,18463,6262,43884,31945,76509,59503,20108,25327,44741,15123,47066,51386,41149,41204,63951,61069,32199,55885,69828,67119,58188,48433,3675,52616,46026,64390,11463,77744,28541,25002,28282,76632,26274,69539,71576,69659,38264,74,14544,62506,54630,47627,45809,75380,44870,60533,39966,2449,73836,78605,15706,71696,66001,61287,54193,16535,7072,4678,62352,25215,25208,3833,71755,8919,43430,17776,72408,41173,13932,77567,48265,32423,48328,58877,64918,70529,67601,32331,47505,65790,4306,46415,14812,22201,1216,1971,77134,53257,43751,74930,2755,60233,3387,60202,10904,58257,55941,74562,43324,4269,8181,28287,23130,65180,74629,35607,31445,21303,8884,58743,43021,32998,22054,61191,47817,25694,1677,71845,16700,56261,18484,53525,36473,32669,36120,51390,79476,51398,49962,43496,47322,27688,20763,58330,42893,14737,50411,28670,13732,34309,41321,45317,56665,37476,22019,16955,65712,51454,20784,26263,38372,10040,71687,32740,68767,11007,13894,67995,34205,29183,28867,27070,13957,48205,38922,77620,62043,12167,39980,24551,58125,36644,11011,36426,57425,48519,18682,66580,33588,35326,74202,11593,30268,73818,13435,63183,16420,28795,60323,42031,74570,78863,78084,42563,18134,2378,16228,55325,21599,880,56901,60680,69202,21029,70872,44822,61798,1354,11310,403,38127,62859,43939,37018,76273,55613,23950,40268,32944,45198,52318,52822,12516,77632,39916,68468,53900,8077,28086,77261,67769,67635,9778,13879,23288,27125,57961,69307,73733,33262,31633,73482,69321,13186,36611,34849,72946,41945,64462,71328,78142,77677,60702,35343,4210,59694,54860,25737,72088,42916,37956,37794,56770,12520,32601,70019,46834,33508,2173,15268,816,69845,52290,3455,62321,37192,33598,51302,28306,19906,8530,7959,58750,24926,55662,45354,41164,48651,36866,58691,3645,42024,20647,65041,25735,4943,35328,56046,29045,77820,10435,45790,9711,69247,7,2134,61605,52652,24635,13281,51905,70437,76003,32149,63789,46051,25792,24317,57292,71089,66712,55365,34354,62463,34088,61668,48842,75349,2344,24515,70627,54329,19595,31897,77376,76982,37028,73281,30292,32648,39640,10579,75326,5737,12705,18697,60998,31698,22879,37507,47096,44556,66424,7307,77017,20608,54284,15442,2130,22689,63122,28123,40932,45929,64358,47707,72687,58549,40228,34364,59532,4536,52500,26847,4124,18203,48709,65026,48687,20012,50487,73230,58578,61861,6119,15751,57264,56649,18398,26748,65037,20529,39890,47303,63896,24400,70914,38337,44383,39106,72103,36762,8395,783,5651,75857,66291,45826,43559,8657,2295,44323,46320,29511,30091,59451,11887,36394,32478,66535,64641,55954,11187,75498,41527,18101,1790,67058,47512,3192,33382,18673,24616,53883,63267,77796,69474,53551,74916,44567,51849,2429,55576,8517,52327,76818,27241,22948,9479,12419,38339,25695,36350,18222,38847,65350,35313,67301,45541,19619,28736,31354,63855,35151,43718,7066,36726,60031,52505,42793,3399,65383,74758,31771,73487,12879,75168,67186,56845,2201,59739,79394,14504,63646,12020,38908,73821,71038,21023,40762,10904,61597,19458,34658,59642,54792,39520,40148,60159,63272,62838,59481,15751,72896,7781,15880,30861,45772,23479,57066,74122,60995,14633,71195,32002,47313,24569,28604,17308,7542,17487,33972,69059,69531,50654,40698,62205,19584,19036,45694,28528,21239,8368,29914,69647,12420,47145,52963,27485,22122,44239,72348,32465,61786,66134,64565,36346,50998,58560,24113,43947,23194,41645,77594,54876,26761,27846,21969,23405,74083,1830,65222,74870,4316,71431,59853,21251,16202,4236,21766,67220,30225,568,62855,57500,4638,12026,28709,32827,71322,79931,45602,34395,3814,14587,21670,69861,4997,30747,71909,65179,4537,37331,10650,73892,64531,49283,27810,58576,48620,66337,74747,32711,35439,76043,33028,6647,77452,8287,53732,31010,12802,32324,64640,15276,20627,39634,30780,45548,7373,58035,74405,41615,34208,19561,14112,27955,45324,7610,17216,66520,72741,69585,52514,55947,16398,70336,40640,55733,31219,16907,52360,38439,6620,49458,21857,79367,27969,72128,50025,44874,54720,45387,43968,48591,65405,63407,28313,13110,12600,8325,2792,2011,12574,24762,75468,13538,28809,73871,66700,17945,22832,54037,76257,59521,14279,52551,23178,35812,8803,35568,40889,15395,68009,66713,17337,14667,15943,18652,74215,13625,68656,11918,36015,76935,10174,32705,72463,30077,15699,2216,14536,10912,32735,7057,49965,8924,12526,54290,51222,47853,73061,59105,18427,64227,68785,36586,62123,60401,64433,36178,47209,20938,57192,35815,16541,10415,20207,13198,48733,37249,70099,71240,13144,36835,32904,57857,24343,11058,70965,22089,50275,76112,29168,30266,75709,19977,65644,18753,79198,11657,30812,70641,18485,46014,50030,15139,18000,68558,15897,28028,20002,51655,36324,71902,29662,57005,57586,26279,19376,41316,48441,49505,11243,22420,20394,66883,63053,30821,19601,2213,69862,57285,5077,54480,1218,4621,44052,53632,2760,58161,18565,65531,67114,8657,31478,55386,68483,40388,56465,12014,60291,34655,60689,26681,21312,52590,79159,61552,22972,3624,10114,16893,64835,545,7271,76793,72908,46648,58558,60285,23523,24545,61226,27351,15406,77005,11831,1537,71809,75287,78700,56639,36987,49778,4817,57647,17806,57642,31629,33370,15050,67807,2068,27153,21529,4982,56208,25774,39333,18733,79726,62031,66511,3757,70201,15829,11785,55486,79326,4324,71493,67235,17919,76504,76013,31734,79937,60069,43620,41755,24029,76845,17957,39865,65933,4124,46371,70438,60404,40972,73433,69944,44136,74477,3751,68609,54912,6305,29503,31617,65112,32268,4791,75881,74437,13825,68063,51657,74043,7112,40748,13207,8337,14055,62865,1301,30475,50089,40016,23698,13518,684,29320,34141,2928,38033,77585,64436,46507,29968,28712,59146,60009,36752,30725,8771,40055,76352,8015,51665,9265,49665,4856,10842,23806,39265,68451,60098,69310,3362,10380,10031,32822,46956,66447,70229,51827,24131,31386,39566,26224,14424,36037,10529,25229,61890,73775,15322,37850,64368,13355,61754,64440,27588,31327,6218,13315,7945,4984,41210,11086,57869,68983,55706,29253,23296,14752,57036,1517,51323,28722,49871,15638,41675,44383,50964,13505,2898,73481,39809,19269,40263,73187,71336,67581,28172,30320,29979,10147,53261,47636,995,68959,52550,75768,4709,45944,49552,77066,48473,72514,25871,38016,73051,1599,49775,36438,5811,27859,29524,69481,23473,1054,3226,48396,21336,4091,60396,27386,70563,73022,62881,61565,12657,60809,59532,60791,53989,16995,20751,78073,14249,69669,37426,57766,48013,71179,42587,11100,30026,6956,21865,8458,27231,5906,42914,29322,74871,10058,17120,14553,11808,23109,23404,721,76813,25424,3889,65275,15665,25131,65078,9891,23350,8395,49290,14748,6519,55517,18803,35800,5299,69970,54985,2428,46911,79148,60187,37389,33541,6677,66857,48368,68110,46013,36097,12983,77489,78801,73234,59357,38568,39389,910,2328,5606,53035,35381,28988,60107,52205,46501,45816,34841,44291,26867,2336,27376,10588,79294,69944,49400,30396,51907,79653,9738,14640,44876,43639,66993,19097,40616,2582,43860,34863,78748,4742,47278,54813,47885,65510,1793,65148,33811,4609,47590,37603,51683,18445,45744,78920,60493,59972,37704,8708,63745,45447,61439,73992,61166,10657,24742,20105,872,78741,41300,41456,22909,5000,55910,62488,4050,38435,7401,42537,51510,37138,1541,29959,4812,44164,10534,38981,4310,35520,39132,13456,44299,797,50929,9474,5166,38460,14846,926,876,66231,55310,19788,24986,66732,6856,15589,45112,55898,77907,8263,34734,36663,37480,14171,12894,74507,75308,57572,76144,31862,13497,62451,45855,66911,57722,60895,1302,59736,73133,54846,15845,78823,38519,20733,46099,79376,5394,71760,68294,77913,3256,46000,1898,9941,10227,16064,68147,57811,30288,49883,61465,78221,57638,54320,64837,35815,2565,12200,16010,35683,37227,26256,32739,32735,58543,63402,39638,18492,49084,8668,57173,51588,39315,2886,51495,54456,32346,3791,51980,79339,2361,10329,76067,69890,49913,22045,74680,21355,44643,35894,65551,31618,65494,77821,75737,7147,43067,64509,5898,1701,28995,36685,4182,12254,39550,5689,79486,12547,55186,51973,34989,78889,24129,9100,29156,20647,5614,70404,63703,24524,22761,25346,65063,59953,5699,63583,14262,73040,66734,48137,33588,24741,9067,68859,67998,15393,21754,16320,57487,9183,79140,46374,58313,32199,14460,26205,76985,23774,30575,15261,66174,16610,36320,7991,3856,19158,50436,59545,67388,1257,27227,45120,55278,22081,39554,73538,816,23425,40742,60577,25412,18878,53197,60060,11534,34474,32216,62605,39041,2042,16422,60978,59549,19253,67121,57944,65076,77622,44087,56079,22709,37281,13637,47730,62617,31019,18260,67886,5595,11170,22097,66054,560,53644,21788,71473,5643,43931,8374,74884,55978,73646,34907,18464,65804,3767,71706,67376,6449,45578,54394,78477,67226,72196,56994,31160,70928,57503,23695,75108,9056,59621